Person 0.0 221.10635499999998 39.235584 414.27361499999995
Person 0.0 445.76169500000003 124.03916799999999 685.0
Person 8.342528 316.781675 205.814784 571.108475
Person 120.404992 210.812175 180.373504 359.169475
Person 202.785792 314.359515 394.200064 561.4198349999999
Person 334.83776 284.08251499999994 463.25555199999997 454.23925499999996
Person 374.816768 394.89633499999997 735.839232 685.0
Person 488.09062400000005 303.459795 580.163584 444.550615
Person 495.358976 336.15895500000005 666.17856 583.8254999999999
Person 588.643328 147.836015 654.063616 242.905795
Person 681.92768 199.306915 763.097088 287.11021500000004
Person 709.791744 319.20383499999997 834.5753599999999 502.07691500000004
Person 917.561344 308.304115 1024.0 438.49521500000003
