Person 0.0 48.355776 317.17888 287.111232
Person 0.0 122.09817600000001 925.559808 576.0
Person 340.74112 119.075904 415.05177599999996 250.84454399999996
Person 605.359104 127.53791999999999 657.921024 206.720064
Person 638.587904 83.41344 680.87808 142.04448000000002
Person 700.8153599999999 134.186688 726.7942400000001 152.32031999999998
Person 740.688896 133.582464 786.605056 215.78688
Person 836.749312 90.667008 871.790592 159.573312
Person 882.664448 84.62246400000001 940.663808 149.902272
Person 939.4554880000001 59.840064000000005 990.8080640000001 190.400256
