Person 78.55104 115.308158 176.431104 289.41441999999995
Person 385.883136 55.672696 407.786496 117.36398799999999
Person 426.26764800000007 57.044160000000005 442.69465599999995 76.922192
Person 450.90815999999995 23.456269 481.71008 175.627986
Person 670.626816 40.592739 691.8461440000001 67.326042
Person 689.1079679999999 46.07654599999999 703.481856 65.26952899999999
Person 698.006528 39.907689999999995 732.230656 70.067604
Person 770.561024 42.649252000000004 811.629568 83.77677999999999
Person 803.416064 48.818107999999995 827.373568 89.94563600000001
Person 825.319424 49.50383999999999 847.9078400000001 97.485956
Person 937.5744 50.874621 960.162816 116.67893899999999
Person 955.3715199999999 54.987646999999996 980.012032 115.99320700000001
