Person 4.516864 194.51649299999997 431.684608 447.030213
Person 130.46784 22.620849 198.44198400000002 171.197652
Person 195.10988799999998 33.946731 252.42112000000003 187.85396699999998
Person 237.75948799999998 0.0 271.080448 42.608427000000006
Person 494.993408 34.613121 531.6464639999999 150.54299699999999
Person 532.312064 41.942037 576.961536 155.20703999999998
Person 719.572992 76.588134 761.556992 186.52118700000003
Person 743.564288 79.91939699999999 781.549568 207.175842
Person 808.205312 97.242102 850.8559359999999 213.838368
Person 848.190464 107.23589100000001 897.504256 177.19378799999998
Person 861.517824 60.597522 886.1757439999999 113.89841700000001
Person 888.174592 116.56397700000001 924.826624 232.49385300000003
Person 921.494528 118.56245999999999 966.144 237.823599
Person 944.152576 77.92022700000001 966.144 119.89524
