Person 0.741376 201.93048 103.1168 306.186444
Person 154.599424 280.12262400000003 942.8275199999999 477.379332
Person 170.57792 83.45826000000001 200.757248 167.57384399999998
Person 322.06847999999997 203.70751199999998 385.38752 242.803584
Person 331.536384 104.783328 359.94112 143.287056
Person 438.64575999999994 43.1775 494.86335999999994 154.541592
Person 506.10688 52.655004 533.919744 159.872688
Person 609.665024 55.617408 641.028096 129.66246
Person 640.436224 39.031092 686.002176 156.910968
Person 718.548992 44.954532 798.437376 124.33136400000001
Person 909.688832 34.292339999999996 955.2537599999999 120.77730000000001
Person 959.9887359999999 47.323907999999996 1003.1872 124.92370799999999
