Person 0.0 292.17254399999996 12.00128 339.255552
Person 0.0 426.694656 48.987136 551.12832
Person 0.0 1.6035840000000001 69.16096 214.14912000000004
Person 0.569344 163.70380799999998 93.370368 341.273088
Person 30.830592 339.927552 233.91641600000003 719.281152
Person 90.007552 5.639424 203.655168 235.67308799999998
Person 141.11539199999999 3.6218879999999998 261.48864 216.840192
Person 153.892864 134.78092800000002 235.93472000000003 306.9696
Person 244.67660800000002 376.24857599999996 514.337792 768.0
Person 458.522624 188.59008 566.790144 325.130496
Person 568.807424 0.0 613.863424 185.89977600000003
Person 593.016832 201.3696 736.252928 375.576576
Person 755.755008 184.55424000000002 912.441344 425.349888
Person 816.277504 2.276352 949.4272 328.493568
Person 980.361216 380.95718400000004 1024.0 498.664704
