Person 25.341952 353.49504 120.221696 582.668544
Person 29.857792 347.16902400000004 858.56256 580.9474560000001
Person 254.440448 354.26688 283.752448 432.201216
Person 348.548096 381.2736 625.471488 581.1248639999999
Person 621.615104 419.854848 657.869824 472.325376
Person 623.929344 360.44006399999995 653.241344 417.54009600000006
Person 670.983168 412.13875200000007 705.6947200000001 475.41196800000006
Person 715.7227519999999 370.470912 741.178368 452.26368
Person 765.090816 412.910592 814.45888 499.332864
Person 792.860672 413.68243199999995 860.741632 495.474432
