Person 0.0 240.68121599999998 43.419647999999995 559.012608
Person 123.988992 223.21996800000005 153.53139199999998 329.330688
Person 146.14630400000001 227.249664 181.059584 329.330688
Person 224.70041600000002 223.89119999999997 256.257024 280.30464
Person 417.395712 226.57766399999997 440.895488 314.555136
Person 493.93664 221.20473599999997 526.8357120000001 259.485696
Person 569.805824 223.89119999999997 817.55648 379.6992
Person 845.0846720000001 263.51462399999997 885.368832 352.83609600000005
Person 864.555008 259.485696 925.6540160000001 359.55148799999995
Person 872.61184 268.21632 968.6241279999999 381.714432
Person 980.037632 397.832448 1024.0 535.5072
