Person 23.917568 303.788595 36.701184000000005 360.29492999999997
Person 72.358912 301.770585 87.8336 358.94959
Person 102.634496 304.46126499999997 122.14579199999999 357.60425000000004
Person 128.200704 299.079905 145.020928 358.94959
Person 299.76268799999997 293.025875 313.21907200000004 340.786815
Person 309.18246400000004 301.097915 326.67443199999997 349.531525
Person 475.362304 140.998345 602.520576 436.981365
Person 626.741248 282.26247 634.8144639999999 296.389225
Person 674.5088 292.353205 686.6196480000001 302.44325499999997
Person 709.494784 294.371215 727.65952 334.060115
Person 715.549696 270.15441 725.641216 292.353205
Person 723.622912 291.68053499999996 735.73376 335.405455
Person 739.770368 285.626505 755.9168 325.98739
Person 757.936128 288.989855 772.064256 334.060115
Person 784.175104 270.82708 793.593856 299.079905
Person 843.380736 307.8253 856.8360960000001 335.405455
Person 848.0901119999999 285.626505 864.237568 311.86132000000003
Person 863.5648 305.806605 882.402304 331.36875000000003
Person 895.1859199999999 299.079905 912.0051199999999 319.93336
Person 900.568064 308.49797 912.677888 331.36875000000003
Person 916.0417279999999 299.079905 933.5347199999999 330.02341
Person 942.953472 305.806605 959.100928 330.69608
Person 965.828608 299.079905 983.994368 327.33273
Person 991.394816 297.061895 1010.233344 325.31472
Person 1019.6520960000001 305.133935 1024.0 325.98739
