Person 0.0 533.728256 149.113856 717.673472
Person 98.660352 280.408064 165.932032 426.51443200000006
Person 308.88448 357.14047999999997 380.360704 448.58777599999996
Person 343.571456 565.261312 605.299712 640.94208
Person 461.29664 476.967936 709.36064 538.983424
Person 474.960896 284.612608 519.107584 346.62912
Person 631.5776 433.871872 810.267648 506.39872
Person 644.191232 686.140416 1016.287232 764.97408
Person 867.027968 472.763392 1011.0310400000001 536.8811519999999
Person 953.2200960000001 568.4152320000001 1024.0 623.07328
