Person 292.55168 389.03956600000004 365.248512 496.40065599999997
Person 316.597248 387.92102100000005 336.729088 414.202021
Person 335.609856 388.479973 357.979136 414.202021
Person 525.741056 140.207212 642.056192 524.918105
Person 550.3467519999999 301.80843999999996 687.9119360000001 630.042746
Person 616.333312 224.083344 738.799616 605.998195
Person 862.385152 271.053901 930.608128 343.186913
Person 889.7863679999999 396.867458 933.4046720000001 490.808572
Person 922.7796480000001 273.29035 969.193472 343.746506
Person 981.495808 294.538859 1024.0 377.29644600000006
