Person 4.927487999999999 112.09224 192.418816 578.38622
Person 261.271552 126.92924000000001 308.939776 295.43094
Person 311.058432 127.98892000000001 362.962944 298.60998
Person 401.096704 134.34774 465.712128 298.60998
Person 466.77094400000004 143.8856 516.557824 302.84944
Person 480.541696 116.33169999999998 618.248192 493.6059
Person 601.298944 143.8856 663.796736 313.44698000000005
Person 677.567488 78.18026 891.5404800000001 634.5536999999999
Person 806.7983360000001 129.04860000000002 1024.0 684.36236
Person 958.27456 148.12432 991.1121919999999 228.66592
