Person 0.0 296.44032 40.604671999999994 357.97324799999996
Person 0.0 581.5733759999999 106.45811200000001 768.0
Person 0.0 262.253568 1024.0 367.824384
Person 57.934847999999995 303.373824 121.18835200000001 354.50726399999996
Person 193.106944 321.573888 244.22912000000002 356.24064
Person 232.09881600000003 341.50656 520.638464 763.574016
Person 245.095424 318.1071360000001 289.286144 357.106944
Person 294.484992 321.573888 328.27801600000004 356.24064
Person 337.809408 328.50662400000004 355.139584 358.84032
Person 360.338432 325.906944 399.330304 356.24064
Person 411.461632 318.97344000000004 445.25363200000004 353.64019199999996
Person 444.387328 328.50662400000004 476.44774400000006 356.24064
Person 482.512896 325.906944 511.10707199999996 355.37356800000003
Person 515.439616 325.039872 551.831552 352.773888
Person 553.5651839999999 331.107072 571.761664 353.64019199999996
Person 567.42912 325.906944 605.5536639999999 353.64019199999996
Person 647.1454719999999 328.50662400000004 676.605952 351.040512
Person 696.53504 325.039872 738.126848 349.307136
Person 757.1896320000001 325.039872 796.181504 349.307136
Person 810.0444160000001 315.50668799999994 845.5710720000001 347.57376
Person 1011.069952 266.106624 1024.0 327.64032
