Person 0.0 240.72258000000002 106.389504 545.05726
Person 167.49260800000002 259.533216 191.665152 311.263676
Person 174.208 236.01974800000002 351.473664 571.258456
Person 206.437376 309.919812 344.087552 680.76538
Person 309.172224 186.97632399999998 323.944448 231.988848
Person 358.189056 267.595016 381.689856 312.606848
Person 399.819776 289.76531199999994 428.02073600000006 407.33403599999997
Person 735.551488 247.44051599999997 759.7240320000001 272.96978
Person 804.040704 261.549012 866.4872960000001 373.0710399999999
Person 808.070144 235.347816 979.964928 558.493824
Person 974.593024 250.127552 1024.0 377.773872
Person 999.4373119999999 278.34454400000004 1024.0 518.8560640000001
