Person 0.0 0.0 116.212736 287.23584000000005
Person 86.836224 3.111168 155.38278400000002 218.654208
Person 159.054848 0.0 231.272448 245.59718400000003
Person 216.584192 4.3353600000000005 297.370624 211.305984
Person 294.92224 0.0 384.277504 169.66655999999998
Person 380.60544 0.0 458.943488 130.477056
Person 494.44044800000006 0.0 564.210688 110.882304
Person 571.554816 4.3353600000000005 638.876672 110.882304
Person 665.805824 8.009472 774.745088 119.455488
Person 767.4009599999999 27.604224000000002 821.25824 132.926976
Person 824.930304 0.0 927.750144 191.711232
Person 948.558848 38.62656 1024.0 254.1696
