Person 0.0 0.0 102.962176 102.820869
Person 0.0 252.488025 298.525696 492.57891699999993
Person 163.734528 96.58439599999998 354.623488 176.095158
Person 178.538496 0.0 297.74643199999997 59.167607
Person 410.72128 242.354354 647.578624 581.443364
Person 496.42598399999997 0.0 528.370688 17.073634
Person 557.9776 20.192212 625.762304 129.324001
Person 591.4808320000001 128.54469799999998 653.032448 188.56742099999997
Person 623.424512 27.207305 666.277888 102.04088300000001
Person 637.449216 127.76539500000001 689.651712 186.228829
Person 719.258624 88.010014 787.043328 178.43374999999997
Person 790.939648 0.0 1024.0 183.11093400000001
