Person 105.648128 259.496971 134.452224 340.573169
Person 126.666752 243.905447 165.590016 340.573169
Person 161.697792 232.991107 211.52051200000002 356.164693
Person 249.664512 222.07745 296.373248 321.083764
Person 292.48102400000005 271.9706 312.721408 307.051529
Person 330.626048 204.926637 382.783488 324.202342
Person 382.004224 261.05626 415.47878399999996 301.59435899999994
Person 507.337728 239.228263 536.9200639999999 286.002835
Person 644.347904 236.10968499999998 698.841088 286.002835
Person 744.7705599999999 267.292733 776.687616 303.932951
Person 796.14976 263.394852 838.187008 308.610818
Person 806.269952 219.73817499999998 840.522752 291.460005
Person 946.394112 252.480512 1019.570176 344.47105
