Person 0.0 0.0 663.963648 86.985216
Person 99.419136 394.831104 156.561408 596.618496
Person 170.33113600000001 416.180736 226.78527999999997 605.571072
Person 230.916096 414.802944 288.74752 599.3733119999999
Person 289.43667200000004 434.775552 356.905984 607.63776
Person 307.336192 704.0547839999999 672.913408 768.0
Person 374.1184 432.70963199999994 426.441728 606.2599680000001
Person 416.114688 438.218496 465.68448 609.014784
Person 502.173696 430.64294400000006 548.3008 609.014784
Person 542.792704 409.293312 597.870592 604.194048
Person 592.362496 227.478528 801.6578559999999 363.151104
Person 627.474432 434.08665599999995 679.109632 604.194048
Person 682.55232 15.360767999999998 832.638976 84.2304
Person 715.5988480000001 435.46368 745.202688 604.194048
Person 729.368576 730.225152 800.969728 768.0
Person 754.8416 417.5577599999999 819.557376 599.3733119999999
Person 849.16224 13.982976 977.9056640000001 79.408896
Person 850.5384960000001 435.46368 895.2893439999999 606.948864
Person 904.928256 438.90739199999996 966.8904960000001 606.948864
Person 966.201344 436.84147199999995 1024.0 609.7036800000001
Person 1005.44512 29.134848000000005 1022.6565119999999 64.946688
