Person 102.592512 10.695123999999998 155.485184 186.16895000000002
Person 153.397248 32.281106 180.539392 100.52066200000002
Person 261.96684799999997 51.081799999999994 278.67033599999996 65.00824
Person 307.204096 32.977428 339.914752 117.23239
Person 354.52927999999997 27.406852 385.84832 122.106644
Person 365.66528 26.014207999999996 417.861632 145.782274
Person 464.49152000000004 43.422258 506.249216 108.180204
Person 721.9968 51.778122 747.747328 87.290544
Person 772.105216 53.867088 785.3291519999999 90.075832
Person 793.6798719999999 52.474444 813.1676160000001 105.39491600000001
Person 815.9508480000001 50.385478 838.918144 72.66778199999999
Person 844.485632 50.385478 861.884416 70.578816
Person 977.414144 62.222952 1002.468352 94.95008600000001
Person 1001.076736 56.65237599999999 1021.9550720000001 76.14939199999999
