Person 0.0 117.28896 24.195072 163.299072
Person 9.440256 116.42035200000001 65.855488 195.419136
Person 71.063552 72.146688 222.95142400000003 309.141504
Person 75.40326400000001 140.727552 109.25260800000001 193.68268799999998
Person 166.536192 88.641024 227.291136 178.05696
Person 197.781504 81.696 351.40608 309.141504
Person 361.82118399999996 55.652352 511.105024 247.50566399999997
Person 761.069568 92.98176000000001 817.4848 174.584064
Person 807.069696 86.90457599999999 857.4095359999999 176.320512
Person 833.975296 86.036736 955.486208 252.71424000000002
Person 974.5807359999999 69.5424 1024.0 365.568768
