Person 16.920576 270.776033 64.416768 326.769056
Person 65.618944 284.62385800000004 141.371392 481.50134
Person 216.52377599999997 310.51297300000004 365.023232 482.705469
Person 240.571392 291.24690899999996 344.58214399999997 485.71545
Person 342.777856 328.574908 467.830784 465.245257
Person 575.4480639999999 308.70643799999993 699.89888 515.8193580000001
Person 717.935616 285.82798700000006 767.235072 344.229268
Person 765.430784 270.17431 811.122688 346.63752600000004
Person 806.31296 275.592549 821.9453440000001 344.83099100000004
Person 897.6977919999999 262.34713 999.904256 491.736778
