Person 0.0 654.280396 59.8784 791.0
Person 0.0 257.729157 249.178112 422.15274500000004
Person 0.0 0.0 723.807232 278.45493899999997
Person 22.572032 726.8206329999999 158.67391999999998 791.0
Person 113.7664 695.73196 227.069952 791.0
Person 288.55807999999996 219.04134700000003 668.5378559999999 315.760872
Person 506.87385599999993 371.029624 557.30688 599.702978
Person 589.08672 0.0 1024.0 181.734623
Person 637.448192 339.250408 723.116032 529.235952
Person 675.44576 332.341814 746.605568 451.16899799999993
Person 715.516928 430.443216 799.803392 639.772665
