Person 27.833344 297.352246 373.327872 683.0
Person 469.19475199999994 77.73359599999999 846.328832 682.770512
Person 802.8805120000001 22.947434 827.369472 100.49662000000001
Person 847.224832 48.134425 860.4620800000001 135.626042
Person 857.1535359999999 4.388958000000001 886.9376 123.695398
Person 867.74272 304.642588 1024.0 683.0
Person 872.37632 89.22916900000001 890.246144 149.54489900000002
Person 894.879744 91.879892 927.3108480000001 204.55849999999998
Person 949.1527679999999 89.89167900000001 990.850048 201.907094
Person 984.89344 127.00931399999999 1023.2821759999999 265.53674
