Person 0.0 0.0 1024.0 213.01785600000002
Person 217.147392 463.966464 263.636992 568.774656
Person 274.706432 281.659392 304.96153599999997 346.610688
Person 358.0928 308.968704 392.77567999999997 379.824384
Person 403.844096 389.41977599999996 424.50636799999995 472.08499199999994
Person 408.27187200000003 328.89676800000007 446.644224 403.443456
Person 417.127424 454.37107199999997 457.713664 549.583872
Person 418.603008 410.08588799999995 436.313088 489.79967999999997
Person 595.70688 194.56512 620.0576 249.921792
Person 621.534208 457.32326399999994 651.789312 548.845824
Person 633.3409280000001 373.92 673.188864 455.10911999999996
Person 693.112832 286.08768 721.892352 357.68217599999997
Person 862.099456 438.87129600000003 893.8301439999999 521.53728
Person 1009.6855039999999 446.25254399999994 1024.0 528.1797120000001
