Person 43.327488 349.09285800000004 65.77356800000001 445.40805
Person 97.670144 262.231989 140.19788799999998 318.366138
Person 309.72006400000004 315.41196 345.160704 375.68318400000004
Person 470.97344000000004 329.002677 486.33036799999996 376.273611
Person 509.95712000000003 378.637362 531.8123519999999 446.58958500000006
Person 631.04512 316.003068 651.127808 367.410396
Person 674.75456 238.00541400000003 695.428096 252.186558
Person 748.588032 327.23003400000005 765.1266559999999 373.910541
Person 797.023232 305.366529 821.2408320000001 350.274393
Person 890.349568 343.77492900000004 951.779328 414.682011
Person 991.3538560000001 255.14141700000002 1006.710784 308.321388
