Person 329.055232 16.258119999999998 391.3728 159.33488
Person 349.216768 41.939 451.247104 264.50232
Person 434.14016 103.69388000000001 547.167232 272.45083999999997
Person 552.665088 35.82444 604.597248 161.16884
Person 563.05152 10.14424 600.931328 210.69528
Person 608.262144 2.19504 668.1364480000001 158.11223999999999
Person 647.974912 30.321199999999997 699.29472 214.97588000000002
Person 677.9115519999999 0.0 834.9276160000001 320.75464
Person 727.3994240000001 166.67208 1024.0 680.0
Person 774.443008 0.0 974.836736 313.41744
Person 933.902336 0.0 1004.773376 166.67208
