Person 0.0 38.83062 71.26528 228.11048399999999
Person 0.0 175.771548 82.731008 556.4825549999999
Person 46.183424 156.413442 269.76768 548.595894
Person 104.946688 40.981899 196.673536 156.413442
Person 107.09606399999998 0.0 205.273088 98.339124
Person 191.65696 0.0 288.400384 322.033323
Person 355.045376 150.67806 610.1606400000001 680.518533
Person 391.59296 0.0 1024.0 277.581729
Person 463.25452800000005 185.809488 648.8586240000001 680.518533
Person 470.42048 54.603942 633.808896 418.824534
Person 855.960576 0.0 980.6520320000001 322.750416
