Person 0.0 366.470144 10.210303999999999 404.189184
Person 0.0 376.39577599999996 46.937088 458.78272000000004
Person 283.180032 354.557952 318.91456 457.790464
Person 319.906816 364.484608 358.61913599999997 467.716096
Person 322.884608 362.499072 360.604672 428.01152
Person 366.560256 340.661248 397.331456 461.760512
Person 427.109376 355.55123199999997 472.769536 476.650496
Person 525.37856 341.65452799999997 561.113088 470.694912
Person 556.14976 356.54348799999997 582.949888 475.657216
Person 595.854336 348.602368 655.4112 465.731584
Person 597.839872 346.616832 628.6110719999999 466.72384000000005
