Person 71.017472 598.592811 96.729088 676.544284
Person 99.06688 611.0650740000001 128.673792 650.041152
Person 138.02291200000002 586.120548 163.734528 657.056928
Person 148.93158400000002 635.230297 170.74688 683.0
Person 177.759232 653.939033 201.133056 683.0
Person 209.703936 603.269995 237.75232000000003 666.4106130000001
Person 233.07776 120.74961900000001 417.732608 298.479196
Person 536.940544 469.97298300000006 561.872896 523.759233
Person 601.6092160000001 462.957207 627.320832 519.862035
Person 653.811712 473.090878 708.350976 516.743457
Person 709.1302400000001 343.691064 790.939648 593.915627
