Person 52.220928 100.620288 196.08729599999998 397.76768
Person 121.13894399999998 92.0064 247.776 382.26432
Person 163.351296 108.371968 532.925184 985.172992
Person 314.109696 90.284032 396.811776 334.893056
Person 355.46112 67.028992 476.928768 439.10963200000003
Person 373.552128 32.577536 732.787968 1024.0
Person 435.578112 73.058304 526.0331520000001 437.38726399999996
Person 631.99488 66.167808 651.8092800000001 137.655296
Person 635.440896 81.67116800000001 694.021632 166.939648
Person 666.4542720000001 114.400256 768.0 568.3046400000001
Person 712.973568 110.95551999999999 759.493632 476.14566399999995
