Person 0.0 0.0 1024.0 217.39207000000002
Person 65.313792 238.97965099999996 123.997184 370.903833
Person 119.804928 289.950575 166.511616 430.27019300000006
Person 125.19424 349.316252 200.044544 460.85288399999996
Person 255.73376000000002 346.91755599999993 331.78112000000004 523.216931
Person 331.78112000000004 299.54467600000004 376.691712 440.46465100000006
Person 462.91865599999994 327.728671 526.9903360000001 425.472801
Person 474.89536 351.71494800000005 556.332032 449.45907800000003
Person 579.0863360000001 270.761007 633.577472 366.70611499999995
Person 769.506304 291.149923 804.835328 413.480004
Person 778.487808 304.941742 825.194496 444.66168600000003
Person 909.0263039999999 387.694705 1000.044544 549.00223
