Person 0.0 408.054825 46.879744 467.271945
Person 137.008128 423.53230499999995 187.45344 472.65525
Person 179.382272 409.40046000000007 260.093952 583.0141500000001
Person 334.752768 461.21544 368.382976 507.6471149999999
Person 370.40128 459.1966049999999 427.572224 532.544805
Person 406.048768 455.15970000000004 523.081728 594.45396
Person 420.173824 462.561075 449.09567999999996 511.011585
Person 506.26662400000004 460.543005 552.0035839999999 541.9657800000001
Person 525.100032 445.738725 648.185856 597.14523
Person 535.18848 469.96321500000005 569.491456 525.815865
Person 863.418368 457.17777 981.1240960000001 666.4565249999999
