Person 0.0 213.42643199999998 60.437504000000004 361.886208
Person 121.787392 248.397312 195.67206399999998 363.205632
Person 204.248064 241.138944 244.48921600000003 367.824384
Person 258.341888 211.44729599999997 305.839104 388.27929600000004
Person 456.906752 187.69382399999998 545.304576 419.291136
Person 458.225664 214.746624 493.8496 400.81612800000005
Person 535.40864 216.72575999999998 567.073792 400.1556479999999
Person 620.50816 307.120896 671.30368 363.86611200000004
Person 634.361856 258.95424 673.283072 373.103616
Person 699.0100480000001 261.593856 896.9154560000001 377.722368
Person 915.386368 308.441088 939.794432 342.091776
Person 935.177216 309.10080000000005 963.54304 347.37024
Person 971.459584 273.47020799999996 1022.255104 315.698688
Person 1000.485888 234.541056 1024.0 267.53203199999996
