Person 0.0 133.79833399999998 267.904 217.74586399999998
Person 31.293440000000004 106.71875 169.20371200000002 635.452272
Person 132.022272 122.966637 272.63692799999995 625.297428
Person 272.63692799999995 83.023431 335.507456 165.61725499999997
Person 342.267904 91.82456900000001 409.87136 138.53698799999998
Person 496.40243200000003 168.32535000000001 755.99872 581.969274
Person 509.247488 67.452397 558.59712 177.12580499999999
Person 594.42688 108.749309 618.0884480000001 123.64349
Person 623.496192 100.62570699999999 682.31168 177.12580499999999
Person 646.4819200000001 93.178275 922.9783039999999 613.788195
Person 678.9314559999999 198.78988199999998 710.028288 227.22385500000001
Person 716.7887360000001 161.555454 737.07008 181.188289
Person 903.3728 191.34313300000002 936.4992 235.347457
Person 949.3432320000001 163.586013 1002.749952 349.76020199999994
