Person 0.0 200.05949399999997 26.409984 398.668068
Person 0.0 276.44772 80.433152 349.897494
Person 0.0 202.997946 98.635776 456.83979
Person 63.404031999999994 193.59612 113.90361599999999 382.215042
Person 91.00288 193.59612 134.455296 378.10161600000004
Person 121.53651200000002 214.74972000000002 194.936832 380.452242
Person 164.989952 183.607146 230.1696 364.58704200000005
Person 200.809472 202.41012 271.860736 375.75166800000005
Person 236.62899199999998 187.132746 273.03526400000004 311.11589399999997
Person 261.878784 206.523546 361.115648 403.368642
Person 276.558848 201.82229400000003 298.285056 250.59286799999998
Person 284.77952 186.54492 354.656256 364.58704200000005
Person 352.894976 212.39909400000002 373.446656 286.43669399999993
Person 367.57504 202.41012 416.31232 361.061442
Person 391.062528 194.771094 466.225152 429.81064200000003
Person 429.81785599999995 195.35892 467.39968 280.560468
Person 463.876096 190.65834600000002 515.550208 355.18589399999996
Person 499.69561600000003 144.825546 614.787072 540.279216
Person 507.916288 215.33754600000003 536.101888 312.878694
Person 615.9616 208.286346 709.9136 386.32846800000004
Person 626.531328 200.64732000000004 660.5885440000001 352.24744200000004
Person 673.507328 187.132746 820.89472 567.8961899999999
Person 678.204416 205.93572 718.7220480000001 351.072468
Person 923.655168 206.523546 998.8177919999999 405.719268
