Person 0.0 364.582912 89.752656 416.466944
Person 0.0 174.636032 270.040806 287.197184
Person 168.90308399999998 362.824704 328.08413399999995 413.82912000000005
Person 231.34419000000003 451.642368 245.416122 492.97407999999996
Person 256.849068 455.159808 275.317182 497.37113600000004
Person 264.76363200000003 445.487104 276.196578 482.42073600000003
Person 267.40182 175.515648 338.63768400000004 223.0016
Person 287.629524 476.265472 306.97783200000003 496.49152000000004
Person 314.01300000000003 237.07238399999997 338.63768400000004 267.850752
Person 335.1201 473.627648 353.588214 498.249728
Person 342.156066 176.39424 373.815918 209.811456
Person 349.191234 215.087104 449.44876199999993 291.59424
Person 354.468408 201.89696 372.057126 226.52006400000002
Person 377.33350199999995 536.942592 414.271326 590.5858559999999
Person 383.49007200000005 552.771584 424.824078 669.730816
Person 384.369468 187.826176 401.95898400000004 223.88121600000002
Person 388.766448 179.91168000000002 414.271326 208.052224
Person 417.78890999999993 523.7524480000001 446.810574 609.052672
Person 444.17238599999996 576.5150719999999 483.7476 702.267392
Person 445.051782 181.67091200000002 468.79707 216.84633599999998
Person 471.43525800000003 154.409984 798.0 290.714624
Person 561.140034 378.65369599999997 571.693584 399.758336
Person 579.608148 361.065472 767.8116600000001 419.984384
Person 615.6657779999999 632.79616 665.7945420000001 784.929792
Person 781.8827940000001 346.995712 797.71272 398.879744
