Person 17.089296 787.5092480000001 241.489476 997.136384
Person 22.268068 636.544 141.372584 726.2607360000001
Person 157.771184 615.839744 207.829268 727.986176
Person 253.57231199999998 780.608512 465.889656 1002.3127039999999
Person 254.43604399999998 362.216448 444.313008 508.869632
Person 258.751084 520.08448 464.16364000000004 744.37632
Person 290.685276 137.924608 372.677552 206.937088
Person 337.291328 73.225216 402.88500400000004 187.09606399999998
Person 359.730984 165.5296 453.80682 259.560448
Person 484.014272 31.816703999999998 647.998824 259.560448
Person 485.74028799999996 792.685568 686.837804 1002.3127039999999
Person 490.91905999999994 572.706816 581.54214 749.55264
Person 521.9895200000001 372.56908799999997 571.18532 502.831104
Person 576.3633679999999 540.787712 697.1946240000001 752.1402879999999
Person 591.89896 350.139392 680.796024 508.869632
Person 598.803748 828.054528 697.1946240000001 1007.489024
