Person 0.0 264.87423 51.6608 453.113128
Person 31.804415999999996 264.21172 58.278912 356.34227300000003
Person 175.429632 266.862443 208.52326399999998 396.111314
Person 229.041152 270.176359 241.616896 338.446307
Person 230.365184 202.56960400000003 653.960192 509.451749
Person 237.6448 278.130577 256.83968 342.42341600000003
Person 252.20608 268.851339 279.343104 343.08592600000003
Person 536.809472 271.50206199999997 561.298432 331.818475
Person 597.700608 262.886017 749.268992 331.155282
Person 741.988352 262.22282400000006 799.570944 375.563942
Person 799.570944 270.839552 839.2826880000001 401.41344300000003
Person 849.210368 219.139867 1021.29664 300.66616200000004
Person 1010.7064320000001 287.40981500000004 1024.0 387.494586
