Person 316.17024 236.10954199999998 343.11168 285.39934400000004
Person 333.254656 654.082038 357.568512 730.973118
Person 359.539712 349.14663 391.73836800000004 406.32163599999996
Person 384.509952 337.317292 416.052224 392.520614
Person 569.818112 173.019484 596.103168 225.59466
Person 645.387264 381.348504 665.757696 441.15318800000006
Person 654.58688 288.68471800000003 684.814336 344.546034
Person 698.61376 36.981714000000004 720.299008 87.58520600000001
Person 740.66944 98.10008800000001 757.0974719999999 145.41744
Person 868.1502720000001 433.92368 900.3489279999999 503.58601799999997
