Person 60.281856000000005 338.66419199999996 144.790528 509.65248
Person 117.254144 373.811712 206.51008000000002 534.350592
Person 264.43264 167.676672 354.637824 339.614208
Person 421.105664 290.217984 479.97644800000006 479.25427199999996
Person 458.02086399999996 337.296384 598.31296 482.32473600000003
Person 464.784384 342.464256 589.17376 468.80486399999995
Person 526.5039360000001 332.9648639999999 623.356928 464.05555200000003
Person 803.13856 282.091776 898.5374720000001 416.82816
Person 818.961408 280.718592 882.579456 406.109184
Person 869.2869119999999 291.168 956.6433279999999 429.85804799999994
