Person 40.913920000000005 190.39050000000003 61.295616 221.98049999999998
Person 71.815168 157.485 94.82649599999999 222.63825000000003
Person 98.113536 146.95575 112.57753600000001 156.16875
Person 294.69696 150.90375 318.36672000000004 187.75875
Person 395.29062400000004 146.95575 430.13632 185.784
Person 614.885376 150.246 654.99136 271.33874999999995
Person 647.3031679999999 195.71475000000004 838.3795200000001 313.5465
Person 681.2897280000001 146.29725000000002 726.656 256.86
Person 760.844288 148.92975 798.977024 285.159
Person 948.222976 143.66475 1021.202432 290.42400000000004
