Person 30.968832 302.03031 52.028416 325.103952
Person 58.04544 308.049669 79.104 327.110178
Person 88.129536 311.059008 107.183104 330.119517
Person 208.46694399999998 319.084593 223.509504 356.202498
Person 232.53503999999998 325.103952 245.57158399999997 344.1644610000001
Person 294.709248 303.033423 325.796864 389.307951
Person 361.897984 253.87748100000005 407.02464 433.44832800000006
Person 393.988096 259.896159 454.157312 455.51817600000004
Person 444.12825599999996 154.561122 523.35104 505.677912
Person 570.483712 71.296614 815.1705599999999 659.1657779999999
