Person 58.253752999999996 376.014848 125.182972 485.938176
Person 73.225113 307.423232 145.43733699999999 536.064
Person 118.137827 373.377024 173.61791699999998 481.54214400000006
Person 124.30190200000001 136.82176 527.635941 802.518016
Person 154.243939 281.92051200000003 230.85946399999997 521.1136
Person 207.963255 370.7392 244.06936699999997 449.00454400000007
Person 231.740534 306.54361600000004 266.96625900000004 391.84384
Person 273.130334 333.804544 298.66907 360.185856
Person 296.02722600000004 305.664 333.89479499999993 347.87532799999997
Person 296.90761299999997 325.890048 311.87897300000003 332.92492799999997
Person 556.697591 322.372608 584.8781710000001 375.136256
Person 596.325934 345.23648 619.2228259999999 384.80896
Person 621.8646699999999 322.372608 646.523019 394.482688
Person 635.95496 333.804544 657.090395 387.447808
Person 657.970782 335.56377599999996 680.8676740000001 389.20601600000003
Person 679.1062169999999 335.56377599999996 683.0 378.65369599999997
