Person 0.0 169.90694399999998 11.144192 244.43980799999997
Person 0.0 217.57363199999998 47.537152 316.37376
Person 79.596544 89.30687999999999 161.046528 234.90662399999997
Person 90.861568 207.17337600000002 123.787264 245.30687999999998
Person 186.174464 124.839936 240.76288 196.77312
Person 217.368576 131.77344 243.362816 182.90688
Person 241.630208 123.10656 286.687232 181.17350400000004
Person 291.88608 117.04012800000001 330.011648 171.64032000000003
Person 322.212864 131.77344 356.00588799999997 169.90694399999998
Person 483.3792 16.506624000000002 590.823424 175.97337600000003
Person 565.695488 155.173632 582.15936 180.30643199999997
