Person 0.0 273.020371 62.026752 374.197259
Person 17.728512 441.90783000000005 67.467264 501.8356160000001
Person 18.504704 612.351163 46.483456 683.0
Person 45.70624 613.129783 72.906752 683.0
Person 182.48806399999998 497.16594499999997 323.934208 540.749541
Person 209.6896 581.220023 302.173184 619.356011
Person 403.20512 68.332784 501.90643200000005 151.608925
Person 422.634496 276.13348499999995 519.00416 447.355438
Person 560.193536 94.794253 633.247744 233.328509
Person 567.18848 534.5233129999999 689.2042240000001 680.8396710000001
Person 599.829504 525.961908 698.530816 682.396228
Person 608.37888 296.36872600000004 659.672064 438.016096
Person 612.26496 84.676291 707.079168 237.21955999999997
Person 763.812864 0.0 843.0848 123.590216
Person 764.59008 195.192521 808.889344 313.491536
Person 770.807808 596.007656 843.862016 683.0
Person 801.117184 184.296622 818.992128 304.930131
Person 817.437696 196.749078 845.4164480000001 297.925283
Person 922.3557119999999 194.41390099999998 980.6438400000001 308.04324499999996
