Person 1.103872 245.23798 12.346368 268.939446
Person 21.813248 254.71870299999998 28.913664 276.050159
Person 47.847424 255.903708 54.355968000000004 268.939446
Person 150.208512 402.85115800000005 176.83456 470.992019
Person 190.44352 280.19733499999995 204.644352 292.640912
Person 359.07379199999997 238.720111 367.9488 250.570844
Person 372.682752 235.165096 383.92422400000004 249.97868300000002
Person 543.679488 270.71729500000004 564.388864 277.235164
Person 544.863232 428.32979 555.512832 434.25549800000005
Person 563.796992 274.27231 570.897408 283.753033
Person 651.3664 229.83223199999998 660.83328 240.49796
Person 666.1580799999999 231.610081 674.4422400000001 243.460814
Person 740.7104 248.79367799999997 754.911232 267.754441
Person 750.17728 232.79508600000003 757.869568 249.38583899999998
Person 907.56608 354.856065 917.6248320000001 363.74394400000006
Person 941.2915199999999 260.051567 954.9004800000001 287.90020899999996
