Person 138.81651200000002 307.2192 181.024768 472.31846399999995
Person 157.66016000000002 408.23884799999996 177.256448 451.96416
Person 239.81568 314.003712 260.16563199999996 430.854912
Person 247.35232000000002 298.926336 319.710208 559.76832
Person 294.837248 331.342848 324.232192 391.65312
Person 323.478528 375.82233600000006 347.597824 430.101504
Person 345.33683199999996 389.39212800000007 380.007424 431.60908800000004
Person 370.963456 351.69791999999995 385.284096 375.82233600000006
Person 387.54508799999996 326.06592 399.604736 353.95968000000005
Person 490.80524800000006 310.234368 538.289152 436.13260800000006
Person 594.8180480000001 338.128128 689.0342400000001 534.890496
Person 649.84064 308.726784 696.57088 497.950464
Person 652.855296 322.29657599999996 673.958912 341.143296
Person 690.541568 377.32991999999996 720.690176 466.2873599999999
Person 764.40576 326.82009600000004 774.95808 347.1744
Person 777.219072 330.58944 788.525056 348.681984
Person 808.1223679999999 323.80416 861.636608 475.33439999999996
Person 823.1966719999999 319.281408 854.852608 454.979328
Person 851.837952 311.74195199999997 877.464576 381.85344
Person 877.464576 315.511296 922.687488 457.241088
