Person 13.944832 288.816384 205.975552 682.0638720000001
Person 52.89471999999999 240.793344 279.34617599999996 450.102528
Person 401.630208 214.51622400000002 555.6172799999999 402.07872
Person 439.67385599999994 260.727552 642.574336 531.651072
Person 546.558976 69.540096 670.654464 363.116544
Person 684.240896 182.80243199999998 796.561408 497.219328
Person 733.154304 226.29580799999997 907.9746560000001 650.350848
Person 865.4018560000001 275.22508799999997 982.2515199999999 692.937216
Person 914.3152640000001 203.64288 1024.0 348.619008
Person 975.9109119999999 294.253056 1021.200384 732.805632
