Person 58.924032 144.68088 110.81625600000001 289.62764
Person 145.66912 18.33756 273.46227200000004 358.61296000000004
Person 426.04032 51.66708 695.568384 603.54964
Person 444.62796799999995 38.49004 835.753984 533.0146
Person 637.4799360000001 0.0 691.695616 60.9688
Person 638.255104 47.79176000000001 689.37216 97.39912
Person 690.921472 0.0 750.558208 58.6432
Person 735.0681599999999 0.0 797.802496 53.217479999999995
Person 769.145856 38.49004 829.5577599999999 198.93944
Person 796.2542080000001 0.0 838.851584 50.117360000000005
Person 848.920576 47.79176000000001 927.145984 196.61384
