Person 0.0 0.0 132.747264 54.468863999999996
Person 174.13836799999999 426.32448 280.571904 558.65472
Person 236.96384 282.905088 304.96256 404.14617599999997
Person 264.310784 0.0 273.180672 31.550976
Person 337.483776 0.0 352.26624 30.81216
Person 371.483648 0.0 384.78848 35.24736
Person 397.35296 481.77024 511.177728 569.005056
Person 426.917888 0.0 441.70035199999995 30.072575999999998
Person 457.222144 217.84857599999998 505.26515199999994 265.901568
Person 492.699648 0.0 509.700096 31.550976
Person 496.39526399999994 288.819456 548.133888 419.671296
Person 520.7869440000001 0.0 534.090752 30.81216
Person 537.04704 484.72704 642.0029440000001 580.833024
Person 551.0901759999999 252.59443199999998 596.916224 310.99775999999997
Person 582.1337599999999 0.0 601.3511679999999 40.422144
Person 590.26432 241.50528000000003 626.481152 307.301376
Person 610.2200320000001 293.99424 679.697408 420.410112
Person 666.3936 203.80262399999998 719.6098559999999 313.95455999999996
Person 676.74112 488.424192 783.913984 590.4437760000001
Person 681.176064 5.676288 710.001664 70.7328
Person 712.219648 21.201408 731.4360320000001 72.950784
Person 732.17536 205.281024 761.00096 270.337536
Person 737.349632 203.06304 793.522176 317.650944
Person 742.52288 18.243840000000002 765.435904 72.950784
Person 852.6520320000001 500.25216 948.738048 597.836544
Person 853.39136 214.89177600000002 911.7818880000001 282.16550400000006
Person 859.3049599999999 30.072575999999998 890.3475199999999 77.38598400000001
Person 894.0431359999999 0.0 1024.0 67.036416
Person 984.216576 509.123328 1024.0 605.229312
