Person 321.723392 365.37699699999996 400.736256 463.83213
Person 374.197248 222.225661 433.306624 368.397223
Person 412.8 222.82943300000002 484.575232 286.251447
Person 433.90975999999995 312.82766 517.748736 448.12791100000004
Person 548.509696 382.289443 696.886272 602.151924
Person 690.2507519999999 599.736153 760.820736 683.0
Person 696.886272 285.04322 769.8677759999999 388.32989499999996
Person 854.3098880000001 487.3888 987.60704 657.1177149999999
Person 870.59456 597.319699 956.84608 683.0
Person 983.9882240000001 626.3123660000001 1024.0 683.0
