Person 0.0 314.39635200000004 202.698752 576.0
Person 129.54726399999998 268.39008 147.693568 321.78009599999996
Person 256.004096 11.663424 315.546624 76.98067200000001
Person 355.80825600000003 41.197824000000004 404.576256 104.81184
Person 423.289856 59.94144 482.832384 126.39513600000001
Person 448.879616 338.288832 553.30304 552.413376
Person 463.55251200000004 283.156992 508.91776 339.387264
Person 483.966976 84.932352 547.478528 143.434368
Person 554.283008 109.92384000000001 601.350144 163.88179200000002
Person 588.874752 333.707328 604.1856 358.130304
Person 595.1129599999999 313.26048 614.392832 335.97907200000003
Person 609.8565120000001 121.85107199999999 652.9536 182.056896
Person 625.1673599999999 303.03648000000004 656.3563519999999 370.058112
Person 642.746368 188.304768 663.728128 233.175168
Person 648.984576 194.55264 713.063424 268.39008
Person 658.624512 157.63392 689.813504 193.984704
Person 667.698176 310.42022399999996 691.514368 362.674368
Person 689.813504 204.20812800000002 714.764288 259.869888
Person 699.45344 312.69196800000003 716.466176 358.69881599999997
Person 701.7216 175.809024 722.70336 209.88806399999999
Person 730.07616 306.44467199999997 757.295104 371.76192
Person 748.222464 307.580544 781.1123200000001 352.45094399999994
Person 771.472384 317.23603199999997 802.661376 360.402624
Person 880.349184 244.53446400000004 894.526464 260.437824
