Person 90.363904 59.411121 142.261248 128.43591899999998
Person 103.927808 24.603849 154.05568 86.54897100000001
Person 116.313088 134.335422 940.7631359999999 637.568544
Person 158.183424 33.453444 236.02892799999998 95.39856599999999
Person 203.003904 64.13113200000001 257.849344 212.20981500000002
Person 205.3632 65.310624 243.10579199999998 104.837907
Person 260.20864 72.39030000000001 330.38643199999996 132.565503
Person 269.053952 20.474265 313.284608 96.578739
Person 382.8736 55.281537 433.00044800000006 131.386011
Person 510.25612800000005 88.909317 564.511744 138.465687
