Person 23.283712 148.940792 69.33094399999999 321.596457
Person 31.605759999999997 72.883629 156.430336 343.80291400000004
Person 276.26291200000003 81.765957 691.23584 637.0
Person 296.235008 69.552756 360.588288 298.834536
Person 364.47232 47.901126 438.257664 197.79487
Person 465.9968 67.331537 573.623296 319.930702
Person 565.8562559999999 46.23537100000001 644.079616 310.49291
Person 608.5744639999999 31.801588000000002 1024.0 637.0
Person 660.722688 53.452581 782.774272 311.60320099999996
Person 803.85536 77.87962 870.98368 302.165409
Person 999.6922880000001 55.118336 1024.0 151.161374
