Person 0.0 258.273718 78.614528 447.883397
Person 82.164736 296.195927 119.44140800000001 366.706798
Person 105.832448 230.425076 333.039616 683.0
Person 379.191296 287.90020899999996 402.267136 359.596768
Person 405.225472 257.088713 491.01926399999996 511.28423799999996
Person 567.3472 289.08521399999995 612.315136 382.112546
Person 630.657024 322.267403 650.774528 347.74603499999995
Person 696.926208 297.38093200000003 718.226432 356.04106999999993
Person 791.596032 296.78808799999996 823.54688 361.37393399999996
Person 813.4881280000001 245.23798 948.391936 589.497983
Person 898.6910720000001 280.19733499999995 931.82464 413.516886
