Person 0.0 238.667015 7.131136 261.071995
Person 11.977727999999999 226.556215 49.532928000000005 261.071995
Person 105.26105600000001 179.324095 211.26656 262.88861499999996
Person 266.994688 184.168415 280.927232 264.099695
Person 279.109632 182.95733499999997 292.435968 265.916315
Person 329.992192 241.694715 417.824768 310.726275
Person 338.47193599999997 279.843735 420.85273600000005 305.27641500000004
Person 468.706304 247.750115 522.011648 305.881955
Person 497.17657599999995 172.66315500000002 531.098624 210.812175
Person 499.59936 190.22381499999997 510.50291200000004 198.701375
Person 581.98016 192.040435 604.393472 247.750115
Person 607.4214400000001 193.857055 629.228544 234.428235
Person 673.447936 188.407195 694.042624 218.078655
Person 711.6093440000001 190.22381499999997 747.3479679999999 239.272555
Person 771.577856 179.324095 812.768256 234.428235
Person 792.1735679999999 179.929635 821.854208 228.372835
Person 872.13056 190.22381499999997 893.33248 243.511335
Person 888.485888 202.940155 898.178048 217.473115
Person 1010.8467199999999 200.51868000000002 1024.0 231.40122
