Person 194.704384 259.01268000000005 454.331392 614.2922799999999
Person 359.54688 194.79144 484.94489599999997 329.715
Person 441.967616 98.16479999999999 485.533696 250.76428
Person 484.94489599999997 207.75359999999998 602.6895360000001 361.53084
Person 535.574528 102.87856000000001 583.849984 227.19684
Person 562.067456 131.15908 659.206144 377.43943999999993
Person 644.488192 204.80784 769.297408 401.59576
Person 741.039104 172.40244 802.854912 313.21819999999997
Person 967.108608 122.91068 980.64896 163.56448
Person 975.350784 115.84072 1004.197888 194.79144
Person 998.3109119999999 115.84072 1024.0 184.18616
