Person 0.0 126.64897500000001 31.214592 188.599545
Person 0.0 129.855123 38.419456 164.720961
Person 81.88825600000001 151.429203 100.744192 174.439512
Person 83.86150400000001 139.90123499999999 130.48524799999998 197.222367
Person 97.79711999999999 143.169354 134.329344 188.599545
Person 755.467264 129.264015 792.057856 153.49263299999998
Person 758.9130240000001 133.138905 785.427456 160.869225
Person 963.794944 127.491372 1024.0 290.590872
Person 971.034624 119.56929899999999 1024.0 304.830582
Person 1001.5651839999999 223.814736 1024.0 304.18226999999996
Person 1003.442176 223.409541 1024.0 284.17993799999994
