Person 0.0 182.91072000000003 39.0144 388.75775999999996
Person 19.37408 188.52403199999998 105.419776 328.87526399999996
Person 84.84352 152.968704 111.96620800000001 228.758016
Person 91.38995200000001 181.039104 132.542464 235.30828799999998
Person 143.766528 133.319424 351.39788799999997 659.1667199999999
Person 289.670144 472.03276800000003 450.538496 628.290048
Person 323.340288 142.676736 342.045696 205.36627199999998
Person 469.243904 140.80512 492.62592 194.138112
Person 641.335296 287.70585600000004 979.90656 768.0
Person 687.164416 131.448576 717.092864 234.372096
Person 937.819136 145.48377599999998 998.612992 227.82259200000001
