Person 0.0 59.61518399999999 35.535872 171.71299199999999
Person 0.0 411.07479 96.818176 678.0
Person 1.929216 27.964109999999998 52.009984 142.69933799999998
Person 32.24064 31.920240000000003 149.53472 271.282038
Person 113.29228799999999 426.24165 237.17580800000002 678.0
Person 119.22329599999999 43.789308000000005 235.199488 269.304312
Person 220.70272000000003 48.405132 332.725248 269.304312
Person 258.921472 411.734484 363.036672 678.0
Person 341.950464 60.27420000000001 453.972992 266.666214
Person 381.487104 415.69061400000004 492.8512 678.0
Person 459.90297599999997 57.63678 562.700288 270.623022
Person 483.62598399999996 303.59280600000005 564.677632 432.8352
Person 515.255296 403.16253 627.93728 678.0
Person 551.497728 52.361261999999996 649.023488 287.10791400000005
Person 668.133376 536.3610540000001 719.5320320000001 678.0
Person 684.607488 490.202814 736.0061440000001 628.0178399999999
Person 685.26592 57.63678 770.271232 294.361158
Person 730.734592 436.132314 776.2022400000001 579.881196
Person 739.300352 407.77835400000004 784.7690240000001 547.5711060000001
Person 743.254016 381.40211999999997 796.6300160000001 519.216468
Person 820.352 0.0 837.484544 15.435348
Person 823.647232 82.03461 904.039424 314.143164
Person 868.455424 358.323 944.23552 666.2624639999999
Person 925.7850880000001 0.0 945.553408 29.941836
Person 936.328192 213.25540800000002 990.362624 347.11362600000007
Person 936.328192 190.17628800000003 998.929408 248.86261199999998
Person 950.8249599999999 151.271292 998.269952 215.23313400000004
Person 959.3917439999999 113.685684 1012.1082880000001 173.03170200000002
Person 989.704192 475.03663199999994 1024.0 629.9955659999999
Person 1004.20096 420.306438 1024.0 493.49992799999995
Person 1007.4951679999999 378.7647 1024.0 418.987728
