Person 0.0 217.714944 112.750592 580.3069439999999
Person 4.596736 12.712704000000002 524.670976 163.62624000000002
Person 256.288768 367.29215999999997 463.91808 506.18572800000004
Person 451.23276799999996 182.99136 594.103296 492.162816
Person 716.27776 122.22566400000001 815.085568 389.328384
Person 721.618944 96.18278400000001 755.6669440000001 124.896768
Person 814.41792 201.02092799999997 909.2198400000001 550.2581759999999
Person 820.425728 106.19904 907.2168960000001 184.32691200000002
Person 878.5090560000001 170.304 945.2707839999999 459.442944
Person 907.2168960000001 112.8768 967.969792 193.675776
