Person 150.397952 45.050112 169.498624 104.34047999999999
Person 199.795712 59.543040000000005 225.482752 108.95155200000002
Person 268.95257599999997 53.61408 286.736384 118.174464
Person 282.125312 55.590912 294.639616 108.95155200000002
Person 311.105536 63.495936 337.451008 114.22156799999999
Person 336.134144 60.860928 353.258496 114.22156799999999
Person 389.48352 56.249088 408.584192 73.377792
Person 408.584192 59.543040000000005 427.68486399999995 76.0128
Person 459.95827199999997 68.107008 477.082624 103.022592
Person 477.082624 69.424896 495.524864 106.316544
Person 567.974912 67.448832 575.8791679999999 103.68153600000001
Person 581.147648 72.05990399999999 602.22464 104.99865600000001
Person 650.3055360000001 74.036736 667.429888 108.292608
Person 666.771456 75.353856 679.944192 106.316544
Person 667.429888 259.811328 899.9290880000001 354.67545600000005
Person 675.992576 74.036736 688.505856 104.34047999999999
Person 695.092224 68.107008 724.072448 109.61049600000001
Person 737.9046400000001 71.40096000000001 754.37056 91.82361599999999
Person 753.052672 75.353856 773.471232 90.505728
Person 784.6676480000001 230.825472 1024.0 315.1488
Person 883.463168 78.647808 910.4680960000001 118.174464
Person 906.5154560000001 87.21177599999999 921.0060800000001 115.53945600000002
Person 994.774016 83.25887999999999 1011.239936 120.15052800000001
Person 1008.605184 85.23571199999999 1021.7779199999999 114.880512
