Person 10.513746 361.592832 19.99422 378.81856
Person 183.75155999999998 324.5568 447.4861020000001 927.4654720000001
Person 461.275944 359.870464 463.861836 374.51264
Person 470.757096 338.337792 674.1598080000001 913.6844800000001
Person 478.51341600000006 353.841152 484.546938 364.177408
Person 521.6077740000001 366.76096 532.812402 379.680768
Person 618.999762 376.235008 632.7896039999999 432.21913600000005
Person 627.6184979999999 356.425728 635.375496 371.929088
Person 631.927866 377.95737599999995 651.7512300000001 430.496768
Person 648.3036000000001 359.00928 653.474706 376.235008
Person 655.1988600000001 382.26432 678.0 443.41657599999996
Person 658.64649 358.148096 668.1269639999999 377.95737599999995
