Person 42.906624 135.451584 80.88678399999999 180.17855999999998
Person 56.310784 169.55596799999998 156.849152 280.255104
Person 70.275072 149.42880000000002 122.21951999999999 202.54175999999998
Person 152.93952 135.451584 188.12723200000002 197.5104
Person 166.902784 136.5696 220.522496 208.132992
Person 215.49568 110.851776 250.68441600000003 168.996672
Person 216.612864 146.63347199999998 242.86412799999997 199.74643200000003
Person 233.92767999999998 121.474368 281.962496 269.073216
Person 286.43123199999997 114.76512 326.64576 198.62841600000002
Person 323.853312 131.53766399999998 367.419392 182.97388800000002
Person 390.32012799999995 135.451584 440.030208 183.533184
Person 443.93984000000006 141.601536 468.51584 189.12384
Person 459.020288 142.719552 543.919104 270.750528
Person 490.299392 117.561024 511.52384000000006 186.328512
Person 585.25184 171.792 679.087104 281.932416
Person 610.944 134.33356799999999 645.015552 193.59648
Person 709.80608 203.660352 954.4478720000001 544.70304
Person 717.626368 146.07417600000002 751.138816 182.97388800000002
Person 744.994816 158.37408 789.67808 221.550912
Person 784.0921599999999 102.46521600000001 828.7764480000001 167.31936
Person 857.2620800000001 134.33356799999999 873.459712 153.342144
Person 917.5848960000001 122.59238400000001 951.655424 172.910592
Person 924.286976 170.673984 1006.951424 287.523072
Person 947.1866880000001 144.396864 975.6733439999999 190.801152
