Person 191.714304 394.87718400000006 198.970368 406.0945919999999
Person 195.67206399999998 376.40217599999994 207.546368 406.0945919999999
Person 222.05952000000002 476.035584 256.36352 519.583488
Person 266.25843199999997 391.578624 280.77158399999996 405.43488
Person 282.749952 396.19737599999996 294.624256 408.07372799999996
Person 296.603648 474.71539199999995 353.995776 526.841856
Person 300.56140800000003 466.138368 326.948864 485.9328
Person 352.017408 487.911936 381.043712 516.2841599999999
Person 354.656256 465.47788799999995 373.12716800000004 488.571648
Person 368.50892799999997 381.68064000000004 379.06432 402.795264
Person 404.13184 383.000832 411.38892799999996 404.114688
Person 441.074688 385.63968 447.671296 403.454976
