Person 109.549568 337.421376 264.460288 378.771264
Person 377.416704 408.491136 622.6923519999999 566.784
Person 378.706944 292.19500800000003 542.654464 334.836864
Person 391.616512 305.762688 500.70016 394.923456
Person 430.344192 172.021824 470.36313600000005 192.696768
Person 550.4 208.84896 636.2470400000001 261.182592
Person 585.9010559999999 252.137088 653.029376 292.19500800000003
Person 680.138752 250.84511999999998 759.530496 282.503808
Person 745.329664 212.079744 815.040512 234.04665599999998
Person 763.4032639999999 183.005568 787.284992 207.556992
Person 800.1945599999999 188.820288 835.694592 234.692928
