Person 16.317439999999998 244.376034 55.276543999999994 448.648357
Person 32.911359999999995 242.932172 97.842176 461.641066
Person 81.24928 253.759771 103.614464 320.887743
Person 107.220992 249.42886800000002 126.700544 326.662508
Person 131.030016 268.195659 144.73728 321.609674
Person 141.851648 263.864756 151.95136000000002 320.887743
Person 185.860096 245.09796500000002 209.668096 318.72263300000003
Person 252.23475200000001 232.827187 309.22956800000003 423.38487
Person 304.90112 214.78164399999997 369.11104 421.21975999999995
Person 316.444672 328.827618 483.822592 515.777012
Person 346.745856 246.541144 410.95577599999996 427.71577300000007
Person 454.964224 282.63223 574.7261440000001 602.393706
Person 535.768064 247.985006 595.648512 367.083814
Person 646.151168 202.510866 700.981248 393.79048000000006
Person 699.5384320000001 223.44344999999998 770.241536 387.294467
Person 752.92672 224.16538100000002 785.391616 306.451855
Person 781.063168 185.90918499999998 833.729536 379.354592
Person 892.8890880000001 283.353478 1024.0 665.191458
Person 894.3319039999999 216.947437 926.076928 273.248493
Person 942.6698240000001 202.510866 970.8072960000001 273.248493
Person 967.1997439999999 228.496284 1024.0 353.369174
Person 1003.994112 208.28563100000002 1024.0 275.41360299999997
