Person 65.318912 356.703732 176.62464 446.04436799999996
Person 123.339776 373.27019400000006 173.072384 444.26912200000004
Person 220.437504 351.96997 315.757568 442.4945579999999
Person 422.920192 382.14506 428.24806399999994 434.21098599999993
Person 429.432832 159.68007 464.956416 195.179534
Person 456.667136 379.77852 469.100544 441.311288
Person 516.46464 380.3698140000001 573.8946559999999 440.12801799999994
Person 541.923328 99.92186600000001 602.312704 150.21322800000002
Person 543.107072 397.528252 575.670272 444.861098
Person 576.854016 111.163272 600.537088 149.02995800000002
Person 817.2288 417.0532299999999 868.146176 475.036188
