Person 0.0 0.0 76.269568 63.647232
Person 0.0 22.078464000000004 144.217088 250.37644799999998
Person 52.520959999999995 0.0 145.536 59.02848
Person 133.00224 50.450688 206.88691200000002 211.44729599999997
Person 201.609216 69.585408 296.603648 222.66393599999998
Person 248.44697599999998 0.0 417.98553599999997 159.981312
Person 495.827968 124.35072 613.252096 464.158464
Person 652.173312 64.306944 755.743744 215.40633599999998
Person 714.8431360000001 0.0 917.3657599999999 119.07225600000001
Person 740.570112 82.781952 807.858176 239.159808
Person 817.754112 84.76185600000001 873.8263039999999 241.798656
Person 867.2296960000001 80.80281599999999 965.522432 233.221632
Person 930.558976 0.0 978.716672 74.20416
Person 970.1406720000001 0.0 1024.0 86.740992
Person 978.716672 68.925696 1024.0 199.570176
