Person 43.26636 122.494976 641.06252 579.250176
Person 190.65091999999999 393.0368 212.05800000000002 426.022912
Person 196.0032 308.342784 217.41027999999997 347.569152
Person 211.16652000000002 278.92224 237.92520000000002 339.54508799999996
Person 226.32984000000002 312.800256 251.30488 353.809408
Person 258.44012000000004 503.58579199999997 283.41515999999996 577.581056
Person 260.22444 442.96192 280.73936000000003 488.42956799999996
Person 283.41515999999996 278.92224 378.85519999999997 406.409216
Person 311.06600000000003 391.25401600000004 365.47552 458.11814400000003
Person 313.7418 462.575616 354.77232 579.364864
Person 382.42316 508.93414400000006 408.28968000000003 574.907392
Person 420.7772 298.535936 468.94296 351.135744
Person 430.58892 392.144896 459.13192 420.673536
Person 431.48108 501.801984 457.3476 541.920256
Person 536.73216 463.466496 565.27516 562.425856
