Person 398.70464 296.70297600000004 454.688768 529.251072
Person 403.10681600000004 297.159168 465.092608 530.393856
Person 421.554176 300.849408 535.195648 513.417984
Person 471.155712 207.767808 489.59692800000005 242.024448
Person 502.11123200000003 160.336128 523.188224 182.075904
Person 502.11123200000003 207.767808 525.1635200000001 245.3184
Person 540.971008 188.663808 567.974912 224.237568
Person 566.9273599999999 307.492608 634.079232 444.77644799999996
Person 575.220736 190.639872 611.44576 230.825472
Person 587.0755839999999 159.677184 603.541504 170.876928
Person 648.329216 188.004864 671.381504 220.94361599999996
Person 650.963968 164.9472 669.406208 177.464064
Person 670.06464 357.31046399999997 823.527424 533.862912
Person 686.472192 356.944128 819.2993280000001 473.5610879999999
Person 714.192896 193.27488 747.124736 232.801536
Person 714.852352 245.977344 736.5867519999999 279.57504
Person 722.0971519999999 293.409024 748.442624 325.68883199999993
Person 899.270656 186.0288 934.178816 226.87257600000004
Person 901.2101119999999 291.99283199999996 918.920192 413.776896
Person 901.947392 294.945024 947.6997119999999 410.08588799999995
Person 935.892992 291.99283199999996 980.1687039999999 415.252992
Person 968.361984 293.468928 1024.0 388.681728
Person 979.62496 296.70297600000004 1024.0 385.63814399999995
