Person 93.513728 130.10148 224.8192 425.181283
Person 135.358464 160.403212 231.31238399999998 366.742722
Person 279.650304 133.709191 382.09740800000003 362.41360700000007
Person 348.90956800000004 143.809538 440.53504000000004 382.614992
Person 430.434304 132.987787 476.608512 317.683104
Person 430.434304 130.10148 529.2748799999999 340.048701
Person 470.11532800000003 131.544288 597.813248 401.372878
Person 564.625408 115.672018 735.611904 482.177727
Person 586.991616 126.49446 659.136512 329.94766300000003
Person 726.953984 79.59905400000001 991.007744 585.347482
Person 741.383168 125.05165199999999 852.488192 381.172184
