Person 0.0 271.3642 90.883072 441.27308000000005
Person 276.827136 303.72744 287.606784 342.15900000000005
Person 290.975744 306.42431999999997 303.101952 343.50812
Person 302.42816 307.09887999999995 314.555392 348.90187999999995
Person 408.875008 310.46963999999997 419.65465599999993 343.50812
Person 459.403264 284.17472 519.363584 438.57620000000003
Person 462.098432 295.63680000000005 483.656704 351.59875999999997
Person 532.837376 299.68212 562.481152 388.68188
Person 592.1249280000001 311.14419999999996 604.2511360000001 352.94719999999995
Person 609.640448 276.75796 692.507648 480.37919999999997
Person 684.4231679999999 318.56096 696.5493759999999 352.27263999999997
Person 697.223168 317.8864 706.6552320000001 351.59875999999997
Person 720.130048 322.60627999999997 730.23488 351.59875999999997
Person 730.908672 321.93172 739.6669440000001 348.90187999999995
Person 780.76416 320.58328 792.890368 355.64408000000003
Person 792.216576 315.86408 798.9534719999999 348.90187999999995
Person 798.27968 331.37148 815.1234559999999 356.99252
Person 867.6720640000001 323.28084 883.168256 357.66708
Person 891.926528 325.30316 907.4216960000001 358.34096
Person 979.508224 286.19703999999996 1024.0 467.56868000000003
