Person 110.22028799999998 64.15487999999999 128.004096 92.48179200000001
Person 210.333696 33.192192 260.390912 136.62028800000002
Person 328.889344 55.590912 441.51603200000005 228.19046400000002
Person 396.72934399999997 39.121151999999995 577.854464 189.980928
Person 510.015488 66.789888 525.821952 88.529664
Person 517.260288 64.15487999999999 542.947328 130.691328
Person 562.046976 61.51987199999999 608.152576 124.10342400000002
Person 631.863296 70.742784 642.4012799999999 81.94176
Person 659.525632 72.71884800000001 676.651008 105.6576
Person 706.289664 75.353856 722.0971519999999 97.752576
Person 795.864064 47.026176 841.9696640000001 155.066112
Person 852.507648 73.377792 934.837248 282.21004800000003
