Person 78.152704 305.730048 169.152512 484.47744
Person 106.65881599999999 338.628096 170.248192 555.757056
Person 196.56192 345.207552 276.59776 593.0419199999999
Person 246.994944 329.855232 341.284864 650.06592
Person 262.344704 299.14982399999997 304.00716800000004 349.59436800000003
Person 278.790144 356.173824 391.717888 709.2825600000001
Person 361.019392 312.30950400000006 404.87424 481.18732800000004
Person 380.75392 367.14009599999997 558.3687679999999 768.0
Person 396.10368 277.218048 450.922496 455.96544000000006
Person 450.922496 321.082368 513.416192 384.685824
Person 507.93472 322.179072 551.7895679999999 400.038144
Person 512.320512 314.50291200000004 579.2 546.9841919999999
Person 600.031232 347.40096 692.12672 589.752576
Person 619.76576 307.922688 659.23584 408.811008
Person 674.584576 303.53664000000003 725.018624 471.318528
Person 717.343744 303.53664000000003 803.95776 459.25555199999997
Person 748.04224 321.082368 799.572992 486.670848
Person 762.295296 321.082368 862.0666880000001 591.945216
Person 825.885696 326.56512 957.4522880000001 658.8387839999999
Person 904.825856 306.826752 959.644672 533.82528
