Person 0.0 119.07225600000001 107.93472 151.40352000000001
Person 276.8128 252.35635199999996 303.860736 291.945216
Person 301.221888 246.41740799999997 317.713408 281.388288
Person 377.084928 101.91667199999999 591.481856 138.866688
Person 757.062656 178.45632 823.030784 305.14176
Person 836.8844799999999 413.352192 869.8685439999999 548.6154240000001
Person 844.140544 73.544448 1024.0 112.474368
Person 881.7428480000001 410.053632 931.219456 491.211264
Person 927.921152 375.742464 971.459584 492.530688
Person 943.7532160000001 111.154176 1024.0 159.3216
