Person 105.832448 429.477906 213.51936 464.386076
Person 162.634752 410.54490400000003 196.95206399999998 437.761478
Person 259.67104 385.69487 292.80460800000003 397.528252
Person 281.563136 411.72817399999997 349.606912 448.41090799999995
Person 313.513984 357.88700199999994 329.489408 369.719702
Person 317.064192 328.30388800000003 372.682752 351.37867600000004
Person 330.08128 360.844836 343.69024 370.311678
Person 344.282112 371.494948 351.381504 380.3698140000001
Person 373.865472 413.50273799999997 441.90924800000005 446.636344
Person 416.466944 323.570126 453.74361600000003 343.68708
Person 450.78528 300.495338 469.127168 310.553474
Person 457.88467199999997 319.42834 485.694464 333.036968
Person 459.660288 376.228028 491.01926399999996 393.978442
Person 467.94342400000005 559.643744 575.630336 676.200954
Person 489.244672 548.993632 608.173056 612.8929400000001
Person 496.935936 325.936666 509.953024 334.220238
Person 505.220096 317.0618 517.05344 328.30388800000003
Person 506.40384000000006 451.96139999999997 586.2809599999999 493.37721400000004
Person 511.72864000000004 349.012136 558.4711679999999 367.945138
Person 525.3376 317.653776 536.579072 331.261722
Person 557.88032 323.570126 581.547008 341.911834
Person 578.588672 314.103966 598.114304 329.48715799999997
Person 587.464704 486.86888799999997 670.30016 539.52679
Person 603.4401280000001 322.978832 632.43264 338.95331799999997
Person 642.491392 315.87852999999996 663.791616 328.89518200000003
Person 669.116416 479.177292 779.761664 550.7688780000001
Person 676.2168320000001 314.69526 689.825792 324.162102
Person 706.393088 317.653776 720.0020480000001 328.30388800000003
Person 714.676224 346.05362 751.952896 374.45346400000005
Person 718.818304 317.0618 750.17728 330.07845199999997
Person 725.326848 288.661956 737.1601919999999 314.69526
Person 733.019136 307.003664 741.302272 317.0618
Person 735.3856 333.036968 760.827904 346.6449140000001
Person 744.85248 289.845226 751.952896 314.103966
Person 751.952896 348.42016 780.3535360000001 371.494948
Person 766.152704 347.828184 804.021248 358.478296
Person 770.8866559999999 335.995484 790.412288 356.111756
Person 794.554368 382.14506 833.605632 407.586388
Person 805.2039679999999 371.494948 846.030848 406.40311799999995
Person 820.5885440000001 344.87035 858.4560640000001 359.070272
Person 837.746688 351.37867600000004 873.839616 368.536432
Person 881.5319039999999 358.478296 922.35776 376.82000400000004
Person 931.232768 347.828184 944.249856 362.62008199999997
Person 959.04256 353.15324 969.1013119999999 360.844836
Person 960.2263039999999 347.23688999999996 986.851328 362.62008199999997
Person 962.592768 384.5116 1024.0 408.17836400000004
Person 982.710272 428.88593000000003 1009.3352960000001 451.96139999999997
