Person 88.958976 180.92944200000002 245.10464 493.631703
Person 242.74841600000002 183.289788 266.3168 235.79965500000003
Person 243.337216 180.339696 443.085824 603.3728100000001
Person 284.582912 177.389604 295.778304 200.989659
Person 285.765632 178.56432900000001 298.607616 202.443594
Person 436.603904 170.899674 657.564672 236.97982800000003
Person 520.274944 169.129074 566.234112 225.17946
Person 544.433152 165.589236 629.281792 228.12955200000002
Person 689.383424 186.23919899999999 725.915648 248.780196
Person 770.697216 167.949582 897.3813759999999 563.2523759999999
