Person 30.428472 54.529024 132.22011 249.62048
Person 43.758048 150.25664 118.890534 255.67846400000002
Person 49.817442 242.35008 135.85550400000002 319.901696
Person 120.101928 138.139648 192.81041399999998 239.926272
Person 131.00811 236.291072 206.140596 308.996096
Person 151.60908 496.81715199999996 324.897204 820.354048
Person 169.78605000000002 64.222208 261.883506 252.04326400000002
Person 192.81041399999998 250.83187200000003 290.96665800000005 418.05312000000004
Person 208.56399 0.0 295.814052 172.06784
Person 313.991022 310.207488 467.890176 568.30976
Person 369.73393200000004 0.0 454.56059999999997 152.68044799999998
Person 400.029084 37.564415999999994 510.3035100000001 260.52608
Person 431.53623600000003 513.78176 592.7061779999999 807.0246400000001
Person 456.983994 0.0 480.00835800000004 41.199616
Person 494.54993400000006 1.211392 522.421692 59.375616
Person 533.3278740000001 0.0 566.047026 127.234048
