Person 0.0 206.13144900000003 178.610176 382.112546
Person 126.541824 228.05506599999998 238.961664 329.97027699999995
Person 240.145408 213.24147900000003 356.115456 438.995518
Person 333.039616 238.720111 440.13465599999995 360.18892900000003
Person 345.464832 165.24706899999998 609.948672 511.87639899999994
Person 410.550272 242.86797 485.102592 319.304549
Person 569.121792 120.214147 1022.944256 549.206447
Person 584.505344 190.132857 617.048064 279.01232999999996
Person 834.7883519999999 232.20292500000002 879.756288 276.050159
Person 889.8150400000001 97.105525 1024.0 332.932448
Person 998.093824 271.309456 1024.0 319.89671
