Person 0.0 264.472124 119.809024 602.577276
Person 41.306112 185.28137600000002 83.92192 238.075208
Person 178.1248 0.0 324.47488 308.84114800000003
Person 304.288768 98.78960000000001 316.064768 126.309652
Person 311.017472 110.583816 332.32588799999996 135.296028
Person 330.643456 98.228032 355.315712 160.56980800000002
Person 330.643456 0.0 493.815808 292.553744
Person 471.38713600000005 42.064148 531.945472 156.63818799999999
Person 566.1501440000001 29.708364 619.9808 184.15824
Person 609.327104 36.447824 652.50304 178.54191600000001
Person 630.634496 44.311063999999995 661.474304 157.19975599999998
Person 654.185472 43.187284 688.3901440000001 161.131376
Person 683.904 28.02366 725.9586559999999 167.870836
Person 805.582848 74.63895600000001 816.796672 99.351168
Person 852.122624 67.33792799999999 940.1579519999999 97.104896
