Person 0.0 133.321728 58.860544 177.832704
Person 0.0 196.79078400000003 90.16627199999999 244.59955199999996
Person 100.876288 162.995712 128.886784 180.305664
Person 133.830656 207.50668799999997 294.480896 232.23475199999996
Person 185.73311999999999 174.53567999999999 218.686464 199.26374399999997
Person 239.2832 158.049792 316.725248 183.60268799999997
Person 245.05036800000002 304.771584 312.605696 476.22144
Person 355.44576 290.758656 405.700608 407.806464
Person 361.212928 156.400896 462.54592 185.250816
Person 392.51968 242.950656 418.05824 299.825664
Person 417.234944 247.071744 435.35974400000003 305.595648
Person 631.435264 295.70457600000003 693.224448 438.30528000000004
Person 855.522304 158.049792 907.425792 184.426752
Person 929.6691199999999 233.88364800000002 998.873088 260.260608
