Person 0.0 142.549248 275.538944 601.057536
Person 182.01292800000002 220.94361599999996 201.112576 269.693184
Person 209.016832 228.19046400000002 236.679168 269.03424
Person 212.31001600000002 226.21363200000002 229.434368 282.21004800000003
Person 254.46297599999997 223.578624 272.24576 243.34233600000002
Person 303.202304 210.40281599999997 334.157824 249.27129599999998
Person 309.788672 221.60255999999998 353.916928 273.64608
Person 324.937728 170.876928 409.24262400000003 267.058176
Person 384.873472 196.568832 406.608896 244.00051200000001
Person 406.608896 201.838848 431.63648 254.541312
Person 427.02643200000006 197.88672000000003 465.886208 263.764224
Person 544.264192 164.9472 700.361728 344.7936
Person 685.212672 166.92403199999998 731.976704 247.95340799999997
Person 751.735808 165.606144 799.1572480000001 274.9632
Person 768.201728 163.63008 790.595584 206.450688
Person 914.4197119999999 249.27129599999998 1024.0 552.966912
