Person 21.063167999999997 405.3504 51.263232 449.34553600000004
Person 62.479872 411.38892799999996 77.147904 451.934208
Person 75.422976 409.663488 134.095872 455.38406399999997
Person 175.51257600000002 387.233792 190.180608 419.152896
Person 204.84864000000002 417.427456 221.243136 453.65862400000003
Person 223.83129599999995 408.800256 240.225792 457.109504
Person 254.03136 394.99776 267.83615999999995 415.702016
Person 274.73894399999995 391.547904 291.13344 426.05363200000005
Person 276.46464000000003 416.564224 342.903552 457.97273600000005
Person 330.82368 395.860992 344.62924799999996 423.465984
Person 331.686912 412.251136 367.06329600000004 519.2212480000001
Person 361.886208 395.860992 604.345344 759.9042559999999
Person 362.74944000000005 244.89472 480.95846399999994 500.242432
Person 449.03347199999996 411.38892799999996 467.15289600000006 465.73670400000003
Person 546.534912 371.705856 575.8709759999999 427.779072
Person 654.38976 320.80896 682.000896 413.97657599999997
