Person 2.799616 295.084686 79.005696 382.640505
Person 34.699264 177.358025 83.73145600000001 272.60442400000005
Person 72.50739200000001 180.907576 122.72128000000001 273.78738
Person 129.219584 86.25265499999999 171.162624 185.640083
Person 136.308736 171.441879 183.568384 259.58917599999995
Person 141.62534399999998 285.027511 195.383296 383.23198300000007
Person 166.43686399999999 168.48380600000002 217.2416 245.390972
Person 211.33312 106.36700499999999 264.501248 199.246809
Person 239.09887999999998 109.916556 305.85344 181.49905400000003
Person 279.860224 170.85040099999998 579.960832 502.733761
Person 297.582592 101.042337 348.97817599999996 197.47237500000003
Person 383.241216 98.08426399999999 416.323584 169.667445
Person 399.192064 89.210728 463.583232 186.823722
Person 495.483904 228.234695 610.679808 444.75798899999995
Person 538.017792 120.56520900000001 607.135744 201.613404
Person 610.679808 119.97373099999999 665.619456 203.387838
Person 640.217088 119.97373099999999 718.196736 208.71250600000002
Person 816.260096 183.274171 988.168192 578.4572880000001
Person 855.840768 109.325078 900.738048 189.189634
Person 874.153984 122.931804 933.819392 202.79635999999996
Person 932.6376960000001 119.97373099999999 984.0332800000001 210.48694
Person 997.029888 124.11475999999999 1024.0 215.22013
