Person 0.0 364.367205 45.536256 711.4959
Person 0.0 266.55354 108.01868799999998 362.89687499999997
Person 0.695296 348.187455 116.105216 722.5271999999999
Person 141.097984 329.801445 184.46848 453.35582999999997
Person 238.13017599999998 379.81179 368.976896 571.0266
Person 382.944256 382.75321500000007 463.804416 547.49214
Person 568.18688 391.57902 606.411776 497.48256
Person 643.9014400000001 404.081415 682.126336 471.7418400000001
Person 753.430528 397.462635 775.483392 475.419195
Person 801.946624 404.81658 829.145088 457.033185
Person 820.324352 392.314185 853.4036480000001 484.244235
Person 847.522816 353.335905 910.74048 584.26416
Person 889.422848 335.68505999999996 978.3695359999999 592.354035
Person 985.7198080000001 372.45708 1019.5343359999999 463.6519650000001
