Person 81.477632 135.891507 149.865472 335.689416
Person 256.3328 166.98869100000002 421.08518399999997 516.051585
Person 372.902912 125.007765 494.912512 313.14423
Person 472.375296 180.20485799999997 521.334784 283.601769
Person 513.5636480000001 161.546139 679.870464 406.43510100000003
Person 668.990464 166.98869100000002 780.89728 457.74504599999995
Person 782.451712 67.478247 858.6106880000001 173.985285
Person 787.8912 157.659672 902.129664 466.296363
Person 865.195008 100.553055 1023.0732800000001 526.396656
Person 902.129664 78.36198900000001 1024.0 169.320435
