Person 85.79072 70.47316 121.7024 156.49452
Person 98.742272 69.29472 147.606528 259.60224
Person 102.275072 53.975680000000004 116.404224 70.47316
Person 114.049024 56.33256 130.533376 71.06204
Person 195.88198400000002 79.89999999999999 221.197312 214.23468000000003
Person 298.908672 61.04632 323.63417599999997 93.45172
Person 325.400576 60.45676 352.482304 105.82432000000001
Person 368.377856 84.61375999999998 404.878336 182.41884000000002
Person 401.934336 80.48956000000001 437.25824000000006 156.49452
Person 557.357056 49.85148 772.830208 197.14831999999998
Person 734.5633280000001 63.403200000000005 1024.0 435.76847999999995
