Person 0.0 385.16648000000004 127.89452800000001 651.54202
Person 147.56659199999999 402.37852 178.7136 431.06554
Person 157.277184 0.0 371.781632 439.81518
Person 334.451712 385.16648000000004 369.697792 434.34386
Person 361.472 15.748320000000001 534.654976 408.35638
Person 562.320384 446.63842 597.566464 479.42248000000006
Person 602.483712 390.90439999999995 681.171968 478.6029
Person 822.156288 446.63842 854.9427199999999 481.06163999999995
Person 875.435008 446.63842 903.3031679999999 476.14416000000006
Person 967.2376320000001 387.62522 1022.974976 484.33995999999996
Person 990.188544 477.78332 1024.0 598.26674
Person 993.467392 459.7516999999999 1024.0 598.26674
