Person 0.0 382.11727199999996 16.057344 456.45182700000004
Person 0.0 442.292475 27.262976000000002 491.84884500000004
Person 43.185152 388.606521 77.979648 488.30968799999994
Person 65.595392 426.363885 127.517696 503.648532
Person 77.979648 388.016775 119.26118400000001 444.652821
Person 131.64543999999998 426.95363100000003 174.106624 490.66935299999994
Person 169.97888 398.04586200000006 196.516864 473.56059
Person 185.901056 429.313977 250.182656 481.23001200000004
Person 196.516864 404.535792 222.46502400000003 454.09216200000003
Person 234.259456 397.45611599999995 263.74656 468.250833
Person 252.541952 427.544058 300.900352 475.33050900000006
Person 281.43820800000003 434.033307 326.258688 470.61049799999995
Person 287.92627200000004 409.844868 307.977216 434.623053
Person 300.900352 426.95363100000003 342.770688 469.43100599999997
Person 341.592064 405.12553799999995 362.822656 433.44356100000005
Person 417.078272 399.815781 438.30784000000006 431.673642
Person 438.30784000000006 402.765873 464.846848 431.673642
Person 467.79494400000004 402.175446 489.61535999999995 433.44356100000005
Person 515.14368 413.979219 652.079104 536.250045
Person 593.9988480000001 412.205214 708.407296 513.0878730000001
Person 623.4849280000001 393.916278 647.6646400000001 429.903723
Person 641.098752 367.8578129999999 751.6538879999999 533.0452590000001
Person 656.510976 398.04586200000006 671.843328 426.363885
Person 966.7112960000001 415.74505200000004 1009.1724800000001 474.150336
