Person 0.026624000000000002 216.824064 242.673664 486.185472
Person 5.062656 148.982784 1022.8224 767.925504
Person 272.748544 250.32345600000002 479.853568 459.52281600000003
Person 434.05824 195.631104 475.7524480000001 268.098816
Person 448.41164800000007 243.48672 552.305664 391.15699199999995
Person 487.37177599999995 251.006976 742.3232 508.74547200000006
Person 525.648896 183.32544000000001 602.8861440000001 315.954432
Person 548.7769599999999 263.835648 1024.0 767.3948160000001
Person 696.5268480000001 268.782336 786.067456 384.320256
Person 926.871552 271.51718400000004 1015.728128 437.645568
