Person 0.0 80.569224 58.59328000000001 281.868768
Person 136.010752 62.94979800000001 248.61798399999998 390.22733999999997
Person 257.415168 98.62884000000001 319.4368 269.53556399999997
Person 445.97247999999996 102.97861800000001 505.997312 272.77939200000003
Person 641.4223360000001 78.366522 694.646784 287.59518
Person 689.368064 25.50912 760.187904 303.011904
Person 723.280896 81.91914 806.050816 366.105804
Person 729.3962240000001 84.092934 755.7888 129.462726
Person 791.858176 77.045514 864.876544 297.28593000000006
Person 874.114048 80.128596 981.8818560000001 345.298176
