Person 0.0 0.0 723.74784 682.737045
Person 128.03788799999998 0.0 501.39135999999996 558.343621
Person 239.68972799999997 48.39055 263.319552 111.69099
Person 325.9392 157.243675 351.341568 201.02192599999998
Person 395.056128 222.319232 405.09952000000004 272.012946
Person 402.736128 221.727071 426.9568 269.646351
Person 535.063552 91.577323 585.868288 179.72462
Person 632.537088 69.68785600000001 677.434368 189.189634
Person 763.68384 64.955349 807.990272 176.17506899999998
Person 783.1787519999999 41.883609 864.111616 205.162955
