Person 0.0 137.90944 31.751168 232.32879999999997
Person 41.424896000000004 0.31551999999999997 221.595648 347.58268000000004
Person 63.592448 148.53171999999998 81.282048 173.9066
Person 197.44460800000002 10.44344 307.709952 305.5036
Person 294.736896 135.54847999999998 377.87852799999996 275.99704
Person 369.62406400000003 139.67948 406.77171200000004 267.73572
Person 405.003264 143.22024 477.53011200000003 295.47156
Person 415.0272 144.99095999999997 432.7168 180.98812000000004
Person 449.226752 124.92688000000001 476.35148799999996 183.93864000000002
Person 478.11993600000005 148.53171999999998 489.91334400000005 190.42992
Person 489.91334400000005 145.5812 504.065024 191.02016
Person 496.39935999999994 142.04044 548.878336 289.56984
Person 504.065024 142.04044 542.9821440000001 170.36584000000002
Person 562.441216 142.04044 602.5379839999999 245.9016
Person 563.0310400000001 154.43276 590.7445759999999 248.26188
Person 587.79648 142.04044 640.86528 244.13088
Person 614.330368 142.63 657.965056 235.86955999999998
Person 644.4032 146.761 713.3921280000001 247.67164000000002
Person 715.1616 140.26972 782.971904 267.14548
Person 764.1026559999999 146.761 850.192384 327.92796000000004
Person 960.458752 170.36584000000002 1024.0 349.1725200000001
