Person 39.779328 291.473664 113.23699199999999 394.555392
Person 174.633984 338.628096 466.27225599999997 761.9205119999999
Person 179.019776 283.797504 288.658432 375.91296
Person 276.59776 204.841728 368.694272 364.946688
Person 424.60979199999997 382.492416 655.946752 742.181376
Person 519.994368 283.797504 598.934528 360.56064000000003
Person 589.560832 401.632512 892.664832 650.8654079999999
Person 590.162944 304.633344 661.428224 392.361984
Person 705.284096 291.473664 954.1621759999999 489.960192
Person 958.547968 305.730048 1024.0 662.1288959999999
