Person 20.857855999999998 122.23334399999999 62.1824 258.04032
Person 37.830656 129.613824 69.56134399999999 254.35008
Person 96.126976 127.39968 163.278848 248.445696
Person 243.71302400000002 132.566016 262.899712 187.922688
Person 274.706432 136.995072 290.940928 161.35142399999998
Person 307.913728 145.851648 324.885504 187.922688
Person 324.885504 159.13727999999998 344.809472 188.660736
Person 330.788864 156.185088 344.072192 176.11315199999999
Person 347.761664 160.61337600000002 361.043968 188.660736
Person 358.0928 144.37555200000003 392.037376 232.94592
Person 818.562048 165.77971200000002 839.9616 250.65984
Person 840.699904 168.73267199999998 864.3133439999999 255.08812799999998
Person 963.934208 174.637056 980.1687039999999 210.06489599999998
