Person 0.0 226.61737899999997 9.01632 259.131468
Person 12.710911999999999 212.57774600000002 31.927296000000002 253.95840499999997
Person 26.01472 225.139361 52.621311999999996 258.39245900000003
Person 65.92409599999999 231.05143300000003 86.618112 261.348495
Person 86.618112 228.834406 112.485376 259.131468
Person 134.657024 222.18409400000002 167.91552 347.066618
Person 142.78656 242.13579900000002 300.208128 704.718521
Person 290.599936 228.834406 317.206528 262.826513
Person 302.425088 109.86318500000002 323.119104 151.983622
Person 331.24863999999997 112.08021199999999 354.898944 145.33331
Person 366.724096 236.223727 388.895744 266.520789
Person 499.67104000000006 210.170776 599.5653120000001 582.424451
Person 729.6061440000001 237.70174500000002 744.3865599999999 272.432861
Person 742.1696 262.826513 770.993152 273.17187
Person 774.688768 240.65778099999997 806.468608 275.388128
