Person 27.671552000000002 214.46204399999996 72.984576 300.24864
Person 95.640576 216.43401599999999 128.147456 299.26299599999993
Person 137.058304 100.79697600000002 272.241664 468.344376
Person 283.78623999999996 222.349932 303.488 300.24864
Person 335.009792 232.210476 358.65088 305.178912
Person 351.755264 167.131296 463.06713600000006 475.76714400000003
Person 402.978816 136.563336 482.768896 439.28258400000004
Person 463.06713600000006 180.935784 516.260864 391.951836
Person 513.173504 118.864836 630.531072 453.959172
Person 618.706944 84.302316 768.4352 527.041836
