Person 0.0 435.78624 70.991872 753.819648
Person 99.35871999999999 408.73344000000003 198.970368 728.0870399999999
Person 118.489088 392.898048 194.353152 632.4126720000002
Person 188.416 449.642496 215.46291200000002 552.574464
Person 542.006272 459.539712 557.1788799999999 493.19040000000007
Person 561.796096 460.85913600000003 574.33088 491.211264
Person 570.3720959999999 458.88 595.44064 555.873792
Person 600.717312 483.952896 641.61792 554.5543680000001
Person 754.423808 466.138368 778.172416 543.996672
Person 770.916352 453.601536 806.539264 550.595328
Person 859.9736320000001 450.30220800000006 888.9989119999999 542.677248
Person 920.664064 435.78624 968.16128 543.33696
Person 959.5852800000001 430.507776 1024.0 591.503616
