Person 0.0 84.292818 27.957248 193.271205
Person 68.96128 94.70122199999999 155.86611200000002 296.73893999999996
Person 248.280064 128.986167 342.52902400000005 361.636197
Person 381.09184 202.212735 547.0269440000001 471.95683500000007
Person 422.70207999999997 126.53729099999998 479.00672000000003 271.025061
Person 450.24255999999997 179.80170600000002 542.655488 351.228474
Person 554.89536 45.722339999999996 616.096768 185.312358
Person 634.457088 66.538467 677.909504 136.33347600000002
Person 652.817408 45.722339999999996 685.253632 89.80347
Person 708.509696 56.742282 739.109888 89.19125100000001
Person 799.6989440000001 179.80170600000002 885.3800960000001 412.45173600000004
