Person 86.358016 126.12566999999999 183.580672 314.211722
Person 87.427072 40.632196 114.13606399999999 100.477696
Person 253.02527999999998 49.181065999999994 540.419072 137.881304
Person 339.422208 170.09421 462.1312 417.238052
Person 401.529856 189.177252 561.785856 425.35385199999996
Person 536.144896 183.833782 680.37632 449.933132
Person 566.060032 53.455842 1024.0 146.430174
Person 743.4106879999999 344.134472 982.726656 682.0
Person 899.3935359999999 104.75247200000001 973.111296 278.94550200000003
Person 958.1537279999999 178.490312 1024.0 395.43110199999995
