Person 0.0 122.59584 80.345088 337.531392
Person 61.70624 117.11232000000001 116.52608000000001 163.170048
Person 123.915264 50.098944 259.142656 313.14432
Person 243.705856 116.015616 328.12748799999997 285.990912
Person 346.76633599999997 142.33497599999998 410.356736 228.966912
Person 392.814592 130.272 452.0192 214.711296
Person 475.042816 130.272 562.753536 180.715776
Person 578.103296 133.561344 612.09088 165.363456
Person 629.633024 211.42118400000004 740.36736 299.14982399999997
Person 670.199808 128.07859200000001 703.090688 166.46016
Person 733.789184 123.69254399999998 784.223232 189.48864
Person 881.8012160000001 131.368704 950.873088 337.531392
Person 909.210624 108.339456 1024.0 450.48268800000005
Person 922.368 198.261504 1024.0 509.69932800000004
