Person 0.0 378.75840500000004 16.990208 456.975956
Person 0.0 490.381924 34.09408 618.300283
Person 0.0 539.2679899999999 35.72224 652.52022
Person 0.0 463.49466500000005 71.559168 602.8194119999999
Person 100.87935999999999 376.31417899999997 167.665664 529.490313
Person 106.580992 443.12534200000005 157.892608 520.528151
Person 133.45792 355.13011400000005 294.72256 442.3106
Person 140.788736 450.4580199999999 179.067904 513.1954730000001
Person 248.29747200000003 384.461599 345.21907200000004 576.746895
Person 266.216448 363.278307 295.53664 419.497051
Person 324.042752 373.055211 343.589888 415.42334100000005
Person 325.67193599999996 360.01856599999996 416.0768 598.7457019999999
Person 373.725184 347.797436 451.09964800000006 557.193087
Person 410.376192 342.094242 475.533312 526.2313449999999
Person 453.542912 355.944856 473.904128 414.608599
Person 469.83168 364.90779100000003 482.863104 408.08989
Person 475.533312 362.463565 499.152896 421.941277
Person 514.627584 363.278307 529.288192 414.608599
Person 524.4006400000001 360.834081 534.17472 399.94247
Person 530.916352 365.722533 551.278592 403.201438
Person 562.680832 350.24166199999996 598.516736 433.347665
Person 622.1363200000001 363.278307 641.683456 408.08989
Person 672.6338559999999 382.832115 700.3248639999999 410.534889
Person 687.29344 387.72134 697.8816 415.42334100000005
Person 711.727104 355.944856 759.781376 399.127728
Person 763.8528 355.944856 787.472384 400.7572119999999
Person 775.2560639999999 352.68588800000003 816.7936 439.05163200000004
Person 797.246464 351.87114600000007 816.7936 381.202631
Person 816.7936 353.50063000000006 834.711552 411.34963100000004
Person 830.1547519999999 418.56713199999996 960.642048 672.124273
Person 833.897472 374.684695 851.0013439999999 401.57195399999995
Person 853.444608 350.24166199999996 891.7237759999999 421.941277
Person 890.909696 349.42691999999994 910.4568320000001 404.01618
Person 928.374784 346.982694 954.437632 400.7572119999999
Person 959.32416 349.42691999999994 977.2431359999999 422.75601900000004
Person 982.129664 351.05640399999993 1004.934144 386.90659800000003
Person 1009.006592 345.35321 1024.0 421.12653500000005
