Person 0.0 349.56288 26.023936 401.96736
Person 0.0 496.44288000000006 57.41465600000001 768.0
Person 0.0 347.928576 58.921983999999995 407.48467200000005
Person 233.78534399999998 266.509824 266.949632 314.757888
Person 251.87532799999997 268.77081599999997 281.27027200000003 314.003712
Person 305.69984 322.254336 367.685632 378.348288
Person 352.18944 283.873536 544.0512 474.29990399999997
Person 476.484608 290.633472 548.087808 408.993024
Person 506.41715199999993 323.73043199999995 700.4928 393.8480639999999
Person 510.401536 323.05075200000005 608.3860480000001 396.930816
Person 651.3479679999999 331.342848 698.078208 374.313984
Person 681.496576 326.82009600000004 915.150848 615.55584
