Person 45.5936 70.781676 186.551296 684.6146160000001
Person 66.336768 78.84916199999999 262.705152 683.230884
Person 183.41888 141.63261 459.06944000000004 675.209808
Person 201.58668799999998 118.43332199999999 370.10944 613.763682
Person 229.151744 117.17953800000001 489.766912 649.502238
Person 259.01158399999997 121.359294 332.87987200000003 239.64767399999997
Person 512.861184 123.78403800000001 624.8806400000001 479.85869399999996
Person 608.797696 146.021568 712.1664 470.180424
Person 668.3678719999999 158.940684 778.556416 458.974908
Person 712.1664 157.307052 778.5738240000001 453.878376
Person 742.852608 131.216778 835.1887360000001 433.09954799999997
Person 743.49056 124.07606399999999 846.2336 224.39663399999998
Person 770.428928 153.54569999999998 865.0280960000001 451.9977
Person 907.512832 142.751448 1024.0 448.8211140000001
