Person 374.212608 8.558673 391.032832 37.229647
Person 414.705664 85.84490400000001 730.553344 663.00176
Person 437.755904 24.763530999999997 460.18252800000005 82.728375
Person 471.396352 47.825026 479.495168 65.27704200000001
Person 476.38016 21.024106 490.707968 76.496
Person 548.0222719999999 13.544573000000002 559.858688 64.030567
Person 583.53152 20.400527 594.745344 59.66756300000001
Person 691.929088 1.07914 699.405312 32.243064
Person 702.52032 0.0 710.618112 27.88006
Person 713.73312 0.0 720.585728 23.517055999999997
Person 734.9145599999999 0.0 741.767168 13.544573000000002
