Person 0.0 312.672768 20.438016 439.934976
Person 1.488896 270.703104 72.546304 450.089472
Person 44.8 274.08768 125.33248 464.30438399999997
Person 99.61574399999999 282.210816 131.423232 331.62700800000005
Person 165.936128 364.79616 218.722304 425.042688
Person 182.854656 149.53343999999998 258.65011200000004 236.17996800000003
Person 184.885248 456.181248 232.25651200000001 536.736
Person 192.329728 171.19488 261.356544 255.134208
Person 204.510208 359.380992 225.48992 418.27353600000004
Person 217.368576 372.91929600000003 239.70099199999999 426.396672
Person 484.00384 87.25632 513.103872 145.471488
Person 572.532736 157.234176 670.3175679999999 284.818944
Person 618.165248 396.57216 783.932416 690.855936
