Person 0.0 480.662528 198.081756 530.787328
Person 99.52344000000001 512.320512 174.32208 618.7264
Person 156.72279600000002 579.15392 225.361656 614.329344
Person 180.78663600000002 538.283008 248.50566 612.340736
Person 210.401928 347.87532799999997 226.241712 384.80896
Person 374.079492 419.10476800000004 398.719224 448.124928
Person 394.318944 423.501824 407.519172 445.487104
Person 399.59927999999996 310.940672 412.798896 333.804544
Person 407.519172 309.18144 428.63867999999997 335.56377599999996
Person 448.87813199999994 507.04384000000005 477.918144 610.811904
Person 462.07836 316.21734399999997 513.99738 364.582912
Person 468.23814 620.484608 554.476896 701.3888
Person 477.918144 500.888576 504.317376 609.052672
Person 530.71722 317.095936 583.516296 357.548032
Person 557.996508 339.960832 612.0 425.26105599999994
Person 587.916576 290.714624 612.0 339.960832
