Person 13.570284 325.98528 34.275171 342.375424
Person 144.246123 328.24832000000004 528.76971 971.9889919999999
Person 431.97804300000007 317.35808 602.7922319999999 366.53056000000004
Person 596.752968 309.594112 647.6523689999999 367.392768
Person 602.7922319999999 317.35808 654.553998 372.56908799999997
Person 646.7900040000001 339.78777599999995 675.258885 374.29452799999996
Person 692.512506 303.555584 729.608649 374.29452799999996
Person 736.5102780000001 332.02380800000003 767.5671570000001 373.431296
Person 796.036038 357.041152 818.4665580000001 379.469824
Person 872.8163219999999 345.826304 903.0 394.99776
