Person 186.30143999999999 161.720064 211.1744 192.628992
Person 214.189056 133.07289600000001 230.77068799999998 179.813376
Person 402.619392 175.289856 666.422272 634.40256
Person 479.499264 128.549376 493.06624000000005 159.458304
Person 613.661696 102.16396800000001 734.2571519999999 423.31622400000003
Person 698.831872 133.07289600000001 911.381504 768.0
Person 725.965824 110.456832 829.979648 464.02559999999994
Person 967.911424 182.07513600000001 984.493056 212.984064
Person 990.5223679999999 177.55161599999997 1002.5820160000001 203.937792
Person 1005.596672 178.305792 1019.1636480000001 208.46054399999997
