Person 0.0 203.57990400000003 36.754432 768.0
Person 34.625536 241.92230400000003 209.22368 768.0
Person 37.464064 511.73913600000003 78.629888 603.334656
Person 40.303616 470.55667200000005 85.0176 528.069888
Person 170.897408 161.68704000000002 379.563008 768.0
Person 373.884928 140.385792 631.523328 768.0
Person 378.85337599999997 504.638208 422.148096 601.914624
Person 603.843584 503.21817599999997 646.428672 532.329984
Person 653.526016 493.987584 684.754944 529.48992
Person 700.279808 118.996224 964.8128 763.855104
Person 952.329216 463.455744 992.785408 596.9441280000001
