Person 0.11059200000000001 0.0 1023.478784 98.956452
Person 86.330368 118.13494 160.7168 265.359626
Person 252.008448 203.87504199999998 315.686912 484.22238200000004
Person 342.17267200000003 113.62215200000001 378.238976 258.590444
Person 374.293504 160.441036 452.06118399999997 383.81600599999996
Person 398.52544 215.72068 654.367744 540.065694
Person 666.560512 241.703938 779.9736320000001 527.311414
Person 741.71392 117.00703 821.172224 321.203512
Person 829.0611200000001 65.675358 878.651392 170.03027999999998
Person 864.5632 272.692476 1004.8819199999999 390.020946
Person 895.557632 141.82621600000002 991.921152 403.558736
